leksem	vr	frek	03a.01.k	03a.01.č	03a.02.k	03a.02.č	03a.03.k	03a.03.č	03a.04.k	03a.04.č	03a.05.k	03a.05.č	03a.06.k	03a.06.č	03a.07.k	03a.07.č	03a.08.k	03a.08.č	03a.09.k	03a.09.č	03a.10.k	03a.10.č	03a.11.k	03a.11.č	03a.12.k	03a.12.č	03a.13.k	03a.13.č	03a.14.k	03a.14.č	03a.15.k	03a.15.č	03b.01.k	03b.01.č	03b.02.k	03b.02.č	03b.03.k	03b.03.č	03b.04.k	03b.04.č	03b.05.k	03b.05.č	03b.06.k	03b.06.č	03b.07.k	03b.07.č	03b.08.k	03b.08.č	03b.09.k	03b.09.č	03b.10.k	03b.10.č	03b.11.k	03b.11.č	03b.12.k	03b.12.č	03b.13.k	03b.13.č	03b.14.k	03b.14.č	03b.15.k	03b.15.č	03b.16.k	03b.16.č	03b.17.k	03b.17.č
policijski	P	108035	5	5	4	3	4	2	1	3	4	3	4	4	4	3	5	4	3	4	4	5	4	3	5	4	2	2	5	4	4	4	2	3	3	3	3	3	3	4	4	3	5	3	5	4	5	3	5	4	2	2	3	3	4	3	5	4	4	3	5	2	3	3	3	2
putnički	P	17076	5	4	2	4	4	5	2	4	5	2	4	4	4	4	4	3	3	4	4	5	4	4	5	4	4	4	4	3	4	3	2	3	3	5	4	4	3	4	4	4	5	4	5	4	5	4	5	4	2	4	3	3	4	3	5	4	4	3	5	2	3	2	3	2
ograničavati	G	12961	5	5	2	3	1	4	1	3	2	2	3	4	2	4	2	5	2	5	3	5	4	4	2	4	1	5	2	3	2	4	3	3	1	3	2	3	1	3	4	4	5	4	5	4	4	3	1	4	2	2	2	4	4	3	4	4	3	4	3	4	2	3	4	3
fobija	I	4561	1	5	4	3	1	3	3	3	2	1	3	3	1	3	2	3	2	4	4	4	3	3	1	3	2	2	2	3	1	2	2	3	1	2	2	3	2	4	3	3	5	4	5	4	5	3	1	3	3	2	2	4	5	3	3	4	3	4	1	3	2	3	4	3
novčić	I	5792	5	4	5	4	5	5	5	2	5	4	5	1	5	3	5	4	5	3	5	5	5	4	5	5	5	4	5	5	5	5	5	5	5	4	5	4	5	2	5	5	5	5	5	5	5	5	5	2	5	5	5	3	5	4	5	4	5	4	5	1	5	1	5	3
ošišati	G	3541	5	3	3	2	5	2	3	3	5	4	5	3	5	3	5	5	4	4	0	4	4	2	5	4	5	4	5	4	3	4	5	4	4	4	4	4	5	4	4	4	5	5	5	3	5	4	5	4	5	3	3	4	5	3	5	4	5	3	5	4	5	3	4	4
rejting	I	18603	1	5	3	5	1	2	1	2	3	3	2	3	1	2	1	4	3	3	2	3	5	3	2	5	3	1	2	2	2	2	3	2	1	3	1	4	3	3	4	3	4	4	4	2	3	2	1	2	1	1	1	3	4	3	5	4	3	2	2	1	2	5	3	1
potrošnja	I	93072	1	3	3	3	3	4	1	3	3	4	2	3	1	3	3	5	3	4	4	5	1	4	2	5	3	2	1	4	1	2	4	3	1	4	4	4	1	5	4	4	5	5	5	3	5	3	1	4	1	2	3	4	5	4	4	3	3	2	1	2	5	5	3	4
brzinski	P	7412	5	0	4	4	2	5	1	3	5	4	3	4	2	3	1	5	2	0	4	4	3	4	3	4	1	1	1	4	2	3	3	3	2	4	3	4	1	5	4	4	4	3	5	5	3	4	2	4	2	2	1	4	5	5	5	4	3	4	2	5	2	5	3	5
lončar	I	3994	5	2	2	1	5	1	5	1	5	3	5	1	3	2	5	2	5	1	5	4	5	1	5	3	5	1	5	3	5	2	5	5	5	1	5	3	5	1	5	2	5	2	5	5	2	1	5	2	5	3	5	3	5	2	5	3	5	1	5	1	5	5	5	2
raditi	G	1685805	5	4	5	5	3	5	4	5	5	5	5	5	3	5	2	5	2	5	3	5	1	5	3	5	3	5	1	5	2	4	5	5	3	5	4	5	4	5	5	5	5	5	5	5	5	5	4	5	3	5	2	5	5	5	4	5	5	5	5	5	3	5	4	5
zatvoriti	G	62164	5	5	4	4	3	5	4	5	5	5	5	5	4	5	4	5	5	5	5	5	3	5	4	3	4	4	5	5	4	4	5	5	2	5	3	5	5	5	5	5	5	3	5	5	5	5	5	5	5	5	2	5	5	5	5	4	4	5	5	5	3	5	4	5
svakodnevan	P	87323	1	2	5	3	1	5	1	3	2	3	4	4	2	5	4	5	5	5	3	5	2	4	3	5	2	4	1	5	2	5	2	3	3	3	3	5	1	4	4	5	4	4	5	5	5	5	3	5	1	5	2	4	5	5	4	4	4	4	3	4	1	5	3	4
igrani	P	11951	0	1	2	4	2	3	1	2	2	2	3	3	1	4	2	4	3	3	4	4	3	2	2	4	1	3	1	4	4	2	3	3	2	1	3	4	1	4	4	4	3	3	1	4	3	2	4	4	1	3	1	3	4	2	3	2	4	3	2	4	1	2	3	2
preskočiti	G	20427	5	3	5	3	4	4	4	3	5	4	4	5	5	4	5	4	4	4	5	5	5	5	5	3	5	4	5	5	5	3	5	4	1	1	2	4	4	4	4	4	3	3	5	4	3	3	5	3	5	4	2	4	5	3	5	4	3	4	5	5	3	4	4	4
nominirati	G	3405	1	2	3	2	2	3	1	3	2	2	2	3	2	3	2	3	3	3	5	4	4	3	4	3	1	2	1	4	2	2	2	2	1	1	2	3	1	1	3	3	3	3	1	2	2	2	1	3	1	3	1	3	4	2	4	2	2	2	1	1	1	3	3	2
mirenje	I	8094	1	3	2	4	1	3	1	2	4	3	1	1	2	3	1	4	2	3	4	5	2	4	2	3	1	1	1	4	1	2	4	4	1	1	3	3	1	3	3	3	2	3	1	3	1	2	1	2	1	2	1	2	4	3	4	3	4	4	1	3	1	5	3	3
logistički	P	7079	0	4	2	3	1	1	1	1	2	3	3	1	2	3	1	4	2	4	3	2	2	2	2	2	1	1	1	3	1	1	3	3	1	1	1	3	1	1	4	3	4	3	1	2	1	1	3	2	1	1	1	4	4	2	4	2	3	1	1	1	2	5	2	1
poslodavac	I	83348	5	3	4	0	5	4	3	3	2	3	5	3	4	4	5	4	4	5	5	4	5	4	5	2	2	4	2	4	4	3	5	5	5	3	4	4	5	4	5	3	5	4	5	4	5	3	4	3	3	3	4	3	5	3	5	4	5	2	3	3	5	5	4	5
normalizacija	I	3550	1	2	2	2	1	4	1	1	3	2	1	2	1	2	1	3	2	4	2	4	2	3	2	1	1	1	1	2	1	2	1	2	1	1	1	3	1	1	3	3	3	3	1	3	3	2	1	3	1	2	1	2	4	3	2	2	2	2	1	1	2	3	3	2
poznavanje	I	25402	5	4	5	4	1	4	2	3	3	4	3	4	1	5	1	5	2	4	3	5	3	4	2	4	1	3	1	5	1	2	3	4	2	4	2	4	1	5	3	4	5	4	5	5	4	5	1	4	1	3	1	4	5	4	3	3	4	5	1	5	2	5	3	4
parkirati	G	15202	5	5	4	5	4	1	4	4	5	5	5	5	5	4	4	5	5	5	5	5	5	5	5	4	5	4	5	5	5	5	5	5	3	5	4	4	5	3	5	4	5	5	5	5	5	5	5	4	4	4	4	3	5	3	5	4	5	4	5	5	5	5	4	4
odmahnuti	G	3134	5	4	3	5	2	4	4	3	5	4	5	5	5	3	3	5	4	4	5	5	2	2	5	3	5	5	5	5	5	5	5	5	1	4	4	4	4	5	4	3	5	3	2	4	4	4	5	3	5	4	3	2	4	2	5	4	5	4	5	1	3	3	4	3
bujan	P	7880	4	4	3	4	1	3	2	1	5	3	5	4	3	4	4	5	4	4	5	5	4	4	5	3	2	3	3	4	4	3	4	4	1	3	3	4	5	4	4	3	5	3	2	2	1	2	4	3	3	3	2	4	4	2	5	3	4	3	5	2	3	5	3	3
neodgovornost	I	3700	2	3	3	3	1	3	1	3	3	3	3	4	1	5	1	5	3	5	2	5	2	5	2	4	1	3	1	5	2	3	3	2	1	4	3	4	1	5	3	4	5	4	2	4	5	4	1	4	1	3	2	5	4	3	3	4	3	4	1	4	1	5	3	4
žut	P	62226	5	0	5	3	1	2	5	3	5	4	5	5	5	5	4	4	5	5	5	5	5	5	5	3	5	5	5	5	5	5	5	4	5	3	5	5	5	4	3	5	5	4	1	4	5	3	5	4	5	5	5	5	5	4	5	4	5	4	5	4	3	4	2	2
ribolovan	P	6488	4	3	5	2	2	1	1	1	4	2	4	3	4	1	5	2	4	1	4	4	1	1	4	2	1	1	5	4	3	2	3	3	2	2	2	3	1	1	4	2	5	2	5	4	1	1	3	2	3	2	4	2	4	2	0	3	4	2	5	1	1	1	3	1
akcijski	P	24406	3	4	5	2	2	3	1	2	3	3	3	3	3	3	3	4	2	4	3	5	2	4	3	4	1	4	2	5	4	4	2	3	1	1	4	4	1	4	4	4	5	0	5	4	5	4	4	4	2	4	1	4	5	4	2	3	4	3	4	3	1	5	3	4
prezentirati	G	36693	5	4	4	3	2	3	3	3	5	4	4	3	3	4	4	4	2	5	5	5	4	5	5	4	2	4	4	5	3	4	5	5	2	5	4	5	3	4	4	4	5	4	5	4	5	5	5	5	4	4	3	3	5	3	5	4	4	4	4	5	1	5	4	3
komplet	I	16268	5	4	3	4	3	3	3	2	5	3	4	3	2	4	3	4	3	5	5	5	5	4	3	3	2	3	4	5	4	3	5	5	4	2	4	4	4	5	5	3	4	4	5	4	5	3	3	4	4	3	4	3	5	3	5	4	4	4	5	3	5	5	4	3
obavještajan	P	17403	4	5	0	0	1	1	1	1	3	2	3	3	2	3	3	4	2	4	2	4	2	2	2	2	1	2	1	3	2	2	2	2	1	2	1	3	1	2	4	3	5	3	1	2	4	1	1	2	1	1	1	2	4	2	5	4	3	2	2	1	1	3	4	2
terapeutski	P	3994	3	3	0	2	1	1	1	1	3	2	3	2	3	3	3	3	4	4	4	4	3	2	3	2	1	1	2	3	2	3	2	2	2	4	2	3	1	3	4	3	5	4	3	3	3	2	3	3	1	2	2	3	4	1	3	2	3	2	3	3	1	3	3	2
muslimanka	I	3010	5	4	5	5	3	1	5	3	4	3	5	4	4	4	5	4	5	4	5	5	5	3	5	4	5	4	5	5	5	3	5	3	5	3	5	3	5	3	5	4	5	4	3	3	5	2	5	4	5	3	5	3	5	1	5	4	5	3	5	1	5	2	5	3
konkurentnost	I	18737	4	3	3	0	1	3	1	2	2	1	2	3	2	4	1	4	3	4	2	4	4	2	2	4	1	2	1	4	1	2	2	3	2	4	2	4	1	3	4	4	5	4	2	3	4	3	1	4	1	3	1	3	4	2	2	3	3	2	1	3	1	5	3	4
isplata	I	42969	4	2	4	3	1	3	3	3	3	2	3	2	4	4	2	4	4	4	5	5	5	4	3	4	1	3	2	3	1	2	4	3	4	3	4	4	5	5	5	3	5	4	5	4	4	4	1	2	4	4	3	4	5	4	5	4	5	2	4	2	5	5	4	5
majstorski	P	7844	0	3	2	3	1	2	2	2	4	2	3	3	4	4	4	4	3	5	3	4	4	4	3	3	1	2	1	3	3	4	4	3	3	3	2	4	1	4	4	4	5	4	5	3	1	1	1	3	2	3	2	4	4	3	4	3	4	3	3	2	1	2	3	3
dopadati	G	4875	3	4	4	3	1	4	1	2	4	3	3	2	2	3	4	1	2	2	3	3	2	4	3	4	1	3	1	5	2	5	2	3	1	2	2	4	1	4	4	4	3	4	2	4	2	2	1	5	3	2	2	4	4	5	4	4	3	4	1	4	1	2	4	4
tragičan	P	22266	3	3	0	3	1	2	1	3	4	3	2	5	1	4	1	5	2	5	2	4	4	4	2	3	2	5	1	4	4	5	4	3	4	4	2	4	1	3	4	4	5	4	1	3	5	4	4	4	1	2	3	4	5	3	3	4	4	4	2	3	1	3	3	4
spavati	G	104693	5	5	3	4	1	5	5	5	5	5	5	5	5	5	5	5	5	5	5	5	5	5	5	5	5	5	5	5	5	5	5	5	4	5	4	5	5	5	5	5	5	5	5	5	5	5	5	5	5	5	3	5	5	5	5	5	5	5	5	5	3	5	5	5
željan	P	20464	3	0	3	3	1	5	1	2	4	4	4	4	2	4	2	4	4	4	1	3	2	2	3	5	1	4	1	3	3	4	3	3	1	2	3	4	1	4	3	4	3	5	1	5	4	3	2	3	1	3	1	4	3	2	2	3	3	4	1	2	1	4	3	4
seljački	P	12850	0	4	4	2	1	3	2	2	5	2	4	4	3	5	4	5	3	5	5	4	4	4	4	5	2	4	2	3	3	5	2	3	4	3	4	4	1	3	4	4	5	3	5	3	5	4	3	4	1	2	2	4	4	2	4	3	4	3	1	4	1	5	3	3
bračni	P	45651	4	3	4	5	1	1	1	3	5	4	4	3	3	5	2	4	3	5	1	4	4	4	4	0	2	5	2	4	3	5	2	3	4	4	4	4	1	3	4	4	5	3	5	3	5	4	3	4	1	2	3	3	4	2	4	3	4	3	2	3	1	5	4	3
predan	P	9862	2	4	4	5	1	5	1	2	1	4	3	2	1	4	1	5	3	4	3	4	3	3	1	4	1	3	1	4	2	3	2	3	1	4	2	4	1	3	3	4	4	2	1	3	4	2	1	3	1	2	1	4	4	3	4	4	3	4	1	3	1	5	3	3
biskupija	I	29513	5	5	4	3	5	1	1	2	3	2	5	3	4	3	4	5	4	2	3	5	5	3	5	3	5	4	4	3	5	4	5	2	4	3	4	5	1	1	5	3	5	4	5	3	5	3	5	2	2	2	3	5	4	1	5	4	5	2	2	1	1	4	5	1
priskočiti	G	4566	5	4	4	4	1	3	1	2	3	4	4	3	3	3	2	4	3	4	5	5	4	4	2	3	3	5	4	4	2	4	4	3	2	4	3	3	1	3	4	4	5	4	5	4	2	3	3	3	3	3	2	4	4	3	5	5	2	4	4	2	3	4	3	3
provlačiti	G	9327	4	4	2	2	1	4	5	2	5	4	4	4	3	4	4	5	3	5	5	5	3	3	2	3	5	4	5	4	3	4	3	2	1	2	3	4	4	3	4	4	5	4	5	5	4	4	3	4	4	3	2	4	4	3	5	5	3	4	5	3	3	3	4	4
prijelaz	I	41456	4	3	3	3	1	5	4	2	2	3	4	3	5	4	4	4	5	5	5	5	2	2	1	3	5	5	4	4	5	4	4	4	4	5	5	5	1	5	3	4	5	4	4	5	3	2	5	5	5	5	2	5	5	3	5	5	3	3	5	5	3	4	4	3
ulomak	I	7241	5	2	5	4	5	5	4	4	5	5	5	4	5	5	5	5	5	4	4	5	5	4	4	5	5	5	5	5	5	5	4	4	4	5	5	5	4	5	5	5	3	5	1	3	5	4	5	5	5	5	5	5	5	2	5	5	5	5	5	5	5	5	4	3
oglasni	P	6884	4	2	2	5	1	4	1	2	5	4	4	3	4	4	3	4	3	3	4	4	2	1	3	3	1	3	3	3	3	2	2	2	1	1	2	4	1	1	4	3	3	4	2	3	1	1	2	2	2	2	2	4	4	2	5	4	4	3	2	4	1	2	3	2
pripraviti	G	3005	5	1	3	4	1	5	1	1	5	3	4	2	3	3	3	4	2	2	5	4	4	3	2	3	2	4	4	4	3	4	4	3	1	1	4	4	3	4	4	4	5	4	1	4	2	1	1	4	2	3	2	4	5	5	5	5	3	3	4	3	5	2	4	4
udovoljiti	G	11207	5	3	1	3	1	4	1	3	3	4	3	2	1	4	2	5	3	4	2	5	5	4	2	4	1	5	1	4	2	4	2	3	2	3	3	4	1	3	4	4	5	5	2	3	2	1	1	3	1	2	1	3	3	3	3	3	3	4	4	4	1	5	4	4
čovjek	I	2308560	5	5	1	5	5	5	5	5	5	5	5	4	4	5	5	5	5	5	4	5	2	5	5	5	5	5	5	5	5	5	5	5	5	5	5	5	4	5	5	5	5	5	5	4	5	5	5	5	5	5	5	5	5	4	5	5	5	5	5	5	5	5	5	5
stečevina	I	5543	1	1	4	5	1	2	1	1	4	2	3	1	1	2	4	2	2	2	4	2	2	1	2	3	1	2	1	1	3	3	5	3	4	1	4	2	3	3	4	4	3	4	1	1	3	1	1	1	2	2	1	3	2	1	5	3	5	2	2	1	5	2	4	1
otpočeti	G	5613	3	1	3	5	1	3	2	3	3	2	3	1	2	3	1	2	3	2	2	2	4	2	3	4	2	5	1	4	3	4	2	2	3	5	1	2	1	1	4	4	3	4	1	1	1	1	1	1	1	1	1	3	3	2	3	3	3	3	3	1	1	2	3	2
kukati	G	12058	3	4	3	5	1	3	3	3	5	3	4	2	3	5	1	3	4	4	5	3	4	4	4	4	1	3	5	3	2	4	4	3	3	5	3	4	1	4	4	4	5	4	2	4	1	1	5	3	2	2	1	5	4	3	5	5	2	5	5	5	2	3	3	3
čaroban	P	19051	1	4	4	5	1	2	1	3	4	3	3	3	2	4	1	4	1	4	3	5	3	4	2	3	1	4	1	3	2	5	1	3	2	1	2	3	1	2	3	3	5	4	1	3	4	2	3	4	1	3	1	4	4	2	3	3	1	3	3	3	1	4	1	2
kasa	I	6318	5	5	4	3	5	3	5	2	5	3	5	2	5	3	5	2	5	2	5	4	5	4	4	5	5	3	5	5	5	4	5	3	5	4	5	5	4	5	5	5	5	4	5	3	5	2	5	3	5	3	5	3	5	2	5	5	5	4	5	4	5	4	5	0
reket	I	7242	5	5	4	2	5	1	5	3	5	3	5	2	5	4	5	3	5	3	5	4	5	3	5	4	5	3	5	4	5	4	5	2	5	1	5	3	5	3	5	4	5	4	1	2	5	2	5	3	5	3	5	3	5	2	5	5	5	3	5	1	5	2	5	1
foton	I	3252	3	0	2	4	1	1	3	1	3	1	4	1	3	2	5	1	1	2	5	3	5	3	5	3	1	1	5	3	4	3	5	1	4	1	1	1	1	1	4	3	1	1	1	2	5	2	5	2	3	3	1	3	2	1	4	2	1	1	3	2	5	1	4	1
prihod	I	118775	2	4	2	3	1	3	3	3	2	2	4	2	2	4	2	4	4	5	5	4	4	4	2	4	1	3	1	3	3	3	4	4	3	3	4	4	1	4	4	4	5	4	5	4	5	4	2	4	2	2	2	4	3	2	5	4	5	4	3	2	5	4	5	4
demografski	P	10093	0	3	2	4	1	1	1	2	1	1	3	3	1	3	2	5	4	3	4	3	2	2	2	3	1	1	1	3	2	2	1	2	1	4	3	3	3	1	3	4	5	4	2	2	2	1	1	4	1	1	1	4	3	2	5	3	2	1	1	1	3	3	4	3
desni	P	112657	3	3	2	2	5	4	4	5	5	3	4	4	5	5	3	4	5	5	5	5	3	5	4	4	5	3	5	5	3	3	3	3	2	5	2	4	3	5	5	5	5	4	1	5	5	4	5	5	5	5	5	5	5	5	5	4	4	5	5	4	1	5	4	5
verbalan	P	14966	1	3	3	3	1	5	1	3	2	3	4	4	2	4	2	5	2	4	4	4	3	2	3	3	2	1	1	4	2	3	2	3	2	5	2	3	3	4	3	4	4	4	1	3	1	1	4	5	5	3	1	3	2	1	4	3	3	3	2	2	4	5	1	3
nepodnošljiv	P	6753	5	2	4	5	1	4	1	3	1	5	3	2	2	5	1	5	0	0	2	4	5	3	2	4	1	2	1	5	1	4	2	3	1	2	2	4	1	4	4	5	5	5	2	5	4	2	1	3	2	3	1	3	3	3	5	5	2	4	1	4	1	1	3	4
vlastit	P	374436	5	4	3	4	1	4	2	4	1	5	2	1	1	5	1	5	3	5	2	4	4	5	2	4	1	5	1	5	2	4	2	2	3	5	2	4	3	4	4	5	2	5	5	5	2	4	2	3	2	3	1	4	3	3	5	5	2	5	1	5	1	1	2	4
donositi	G	203447	5	5	4	3	1	5	3	3	5	4	4	4	2	4	2	5	4	5	5	5	3	3	4	5	3	5	1	5	4	5	5	5	1	4	2	3	3	4	5	5	5	5	5	5	4	4	3	5	5	4	3	4	0	2	5	5	4	4	4	5	2	5	3	4
arogantan	P	4630	4	3	2	4	1	3	3	3	4	4	3	3	3	4	1	5	4	5	3	4	4	4	2	4	1	5	1	4	2	4	2	3	1	1	3	4	1	4	4	4	5	4	4	4	4	3	2	4	3	4	2	3	3	2	5	5	3	4	1	2	1	2	3	4
nepogoda	I	10575	2	4	2	3	1	3	2	2	2	3	2	2	3	3	2	5	2	5	4	5	2	4	3	4	3	3	1	5	1	3	4	3	2	1	4	3	4	3	3	4	4	3	5	3	3	3	1	4	4	3	5	4	4	2	4	4	4	3	2	1	5	2	2	3
plašiti	G	18561	2	4	3	4	1	3	3	3	5	4	3	3	3	5	1	5	3	4	5	4	2	5	4	4	2	5	4	5	4	4	4	3	1	4	4	4	1	4	4	5	5	4	1	4	3	4	4	4	4	4	3	4	4	2	5	5	3	4	5	4	3	5	3	4
učen	P	3754	4	2	4	3	1	4	1	2	2	4	3	3	2	4	1	4	4	4	2	3	3	2	2	5	2	3	1	4	2	3	2	3	1	3	3	4	4	3	4	5	4	3	2	3	3	4	1	5	2	3	2	4	4	3	2	2	3	4	3	2	1	5	1	2
nepoželjan	P	8738	5	3	5	4	1	3	1	2	1	4	3	2	3	4	1	4	4	5	3	4	4	2	2	4	1	2	1	4	2	3	2	2	1	1	2	3	1	2	4	4	5	4	1	3	4	3	1	2	3	3	2	3	4	2	3	3	3	4	1	2	1	5	2	3
rekordan	P	22289	5	3	2	3	1	3	1	2	2	3	2	2	2	4	3	4	3	4	3	3	4	3	3	4	1	2	2	3	1	2	3	3	1	2	2	4	3	4	4	4	5	3	1	3	3	1	3	3	3	3	2	3	3	4	4	3	3	3	3	2	2	3	2	3
tabela	I	4897	5	2	3	2	5	4	3	3	5	3	4	2	5	4	4	1	5	3	5	5	5	2	5	4	5	3	5	3	5	3	5	5	4	4	4	4	5	4	5	4	5	3	5	3	5	2	5	4	5	3	4	3	5	4	5	4	5	4	5	3	5	5	5	4
padobranac	I	3350	5	5	4	2	5	1	5	2	5	3	5	2	5	4	5	3	5	3	5	4	5	3	5	3	5	3	5	4	5	3	5	5	5	1	5	4	5	2	5	3	5	2	5	2	5	2	5	3	5	3	5	2	5	2	5	4	5	1	5	1	2	1	4	3
započinjati	G	47344	4	4	4	2	1	5	2	4	4	4	4	4	2	5	3	5	3	5	4	5	4	4	3	5	3	5	1	5	2	2	3	4	1	5	2	5	1	4	4	4	5	4	2	4	2	2	1	4	3	4	2	4	4	3	5	5	3	5	2	5	2	5	3	4
orijentirati	G	5073	5	3	4	3	1	4	2	3	4	3	3	3	1	4	2	4	0	0	5	4	2	3	3	3	2	3	1	3	3	2	3	3	1	3	3	3	1	4	4	4	5	4	2	3	2	1	2	4	3	3	2	4	3	4	3	3	3	2	4	3	2	3	3	4
dojmiti	G	8160	4	4	2	0	1	3	1	3	1	4	3	2	1	4	1	5	4	5	2	5	2	2	3	3	2	3	1	5	2	4	2	2	1	5	3	3	1	4	4	4	4	4	1	4	1	1	1	4	2	3	1	3	3	4	3	3	4	4	1	5	1	3	2	3
violinist	I	3104	5	4	3	2	5	1	5	3	5	3	5	3	5	4	5	3	5	3	5	4	5	2	5	3	5	2	5	3	5	3	5	2	5	1	5	3	5	2	5	4	5	3	5	3	5	2	5	2	5	3	5	2	5	2	5	4	5	2	5	4	5	3	5	3
uvježbavanje	I	3066	0	0	3	4	1	4	4	3	4	4	3	2	3	3	3	2	4	5	3	3	4	4	2	3	2	1	1	5	2	4	4	4	1	5	4	3	3	4	4	4	5	4	3	3	4	3	1	2	3	3	3	4	4	3	5	5	3	3	4	5	4	4	2	4
monoton	P	3413	1	2	1	4	1	3	2	3	2	3	3	4	3	4	1	5	2	5	2	4	4	4	2	3	1	2	2	4	4	4	2	2	1	1	2	4	4	4	3	4	5	4	1	4	5	3	1	4	2	3	1	3	3	2	3	3	4	4	1	3	1	3	1	4
valjanost	I	5589	4	1	5	3	1	3	2	3	1	3	2	1	2	4	1	2	2	3	1	4	1	2	2	3	1	1	1	4	2	3	3	3	1	4	3	4	1	2	3	4	2	3	1	4	2	1	1	3	2	3	2	3	3	3	2	4	4	3	1	2	3	5	2	3
boljitak	I	8708	3	1	3	5	1	4	2	2	1	3	2	1	2	4	1	2	2	3	3	2	2	1	2	3	1	1	1	2	1	2	2	2	1	2	2	3	1	1	3	4	5	4	1	1	1	1	1	2	1	1	2	3	2	1	2	3	4	3	2	1	1	1	2	3
učestati	G	4304	3	5	4	2	1	3	1	1	3	1	1	1	2	3	2	1	3	4	3	2	3	1	2	3	1	1	1	2	1	2	2	3	1	1	1	3	1	1	2	3	2	1	2	3	1	1	1	1	1	2	1	3	1	1	1	1	3	2	1	1	1	1	3	2
rana	I	33348	5	3	2	3	5	2	5	2	5	4	5	4	5	4	1	4	4	4	4	5	4	4	5	3	5	4	5	5	5	5	5	4	4	2	5	3	5	3	5	4	5	3	5	3	5	2	5	4	5	4	5	4	5	3	5	4	5	2	5	3	5	3	5	4
misteriozan	P	7033	1	3	3	4	1	2	1	2	1	3	1	2	3	4	1	2	2	5	3	4	3	4	2	3	1	4	1	3	3	4	1	3	1	2	4	4	1	2	3	4	5	4	1	3	2	3	1	2	2	2	2	3	3	2	3	3	3	3	1	2	1	3	2	3
masovan	P	51261	3	2	4	5	1	2	1	2	4	4	1	2	2	5	3	4	4	5	4	4	3	3	2	3	5	1	4	4	3	2	3	2	2	4	2	4	1	3	4	4	4	4	5	3	3	3	4	2	4	2	3	3	3	2	5	4	4	3	4	2	2	4	2	3
kiosk	I	12790	5	3	5	2	5	4	5	4	5	5	5	3	5	5	5	5	5	5	5	5	5	5	5	5	5	4	5	5	5	5	5	4	5	5	5	5	5	5	5	5	5	4	5	5	5	5	5	4	5	4	5	4	5	4	5	3	5	5	5	5	5	5	5	3
cijenjen	P	15640	2	4	3	2	1	4	1	3	3	3	3	3	2	5	1	4	4	5	2	4	3	3	1	4	1	3	1	4	2	3	2	3	1	4	2	4	1	3	3	5	3	4	0	0	3	2	1	3	5	3	1	4	3	3	2	3	4	4	1	3	1	4	3	3
antivirusni	P	5584	4	4	2	3	1	1	1	2	2	2	3	3	3	3	2	4	4	4	4	5	4	3	1	3	1	4	2	3	1	3	2	2	1	4	2	5	1	4	4	4	1	5	4	3	5	2	4	3	3	4	1	2	4	3	1	2	3	3	4	1	3	5	3	3
preletjeti	G	3844	5	4	2	4	4	2	3	2	5	4	5	3	4	5	4	4	5	5	5	5	4	4	2	5	5	5	5	4	4	4	4	3	2	1	3	4	4	4	5	4	3	3	0	0	2	2	3	2	4	4	2	3	4	2	5	4	4	3	5	2	3	4	2	4
dostatan	P	12526	2	5	3	2	1	2	1	1	1	3	2	1	1	4	2	4	5	4	2	3	3	2	2	3	1	2	1	3	1	2	3	2	2	2	3	3	1	3	4	4	2	5	2	3	1	1	1	2	3	2	1	4	2	3	2	3	3	3	3	1	1	3	2	3
iskorištavati	G	14323	3	3	4	3	1	2	2	4	2	4	3	3	3	5	2	4	4	5	2	4	4	4	1	4	1	4	1	4	2	3	3	2	1	2	3	4	1	4	4	3	5	3	1	4	3	4	1	4	3	3	1	4	3	4	2	3	4	4	1	3	1	3	3	4
pohvaliti	G	51278	4	3	4	3	1	3	4	4	2	4	4	4	4	5	2	4	4	5	5	5	4	5	2	5	1	4	5	5	2	4	3	3	1	5	3	5	1	4	4	5	5	5	3	5	4	4	2	2	3	4	2	4	3	4	4	4	5	4	5	4	1	5	3	4
veterinar	I	15163	5	2	3	4	5	1	5	3	5	3	5	2	5	3	5	3	5	3	5	4	5	3	5	4	5	3	5	4	5	4	5	3	5	2	5	2	5	2	5	4	5	5	5	4	5	3	5	4	5	4	5	2	5	2	5	5	5	3	5	2	5	4	5	4
opširan	P	8177	4	3	4	5	2	4	2	4	3	4	4	4	3	5	2	5	4	5	2	4	3	4	2	4	1	4	1	4	3	4	4	3	2	5	2	4	1	4	3	5	5	3	2	5	4	3	3	4	4	4	2	5	3	4	3	4	5	4	3	5	2	5	3	4
kovač	I	6907	5	0	5	2	5	1	5	2	5	2	5	1	5	2	5	2	5	3	5	4	5	2	5	3	5	2	5	3	5	3	5	3	5	1	5	3	5	1	5	4	5	5	5	3	5	2	5	3	5	3	5	4	5	2	5	4	5	2	5	1	5	1	5	2
nepredvidljiv	P	3954	3	1	4	3	1	3	2	4	1	3	4	3	1	5	1	4	3	5	1	4	1	3	2	4	1	2	1	4	3	2	3	0	1	3	3	4	1	3	3	4	5	4	2	4	5	3	1	3	1	2	2	4	3	3	2	4	4	4	1	2	1	3	2	3
uzbuđivati	G	5429	3	3	3	4	1	4	3	4	2	4	3	4	2	4	1	4	3	5	4	4	3	3	3	4	1	4	1	4	2	3	4	4	1	2	2	5	1	3	5	5	5	4	2	4	5	4	2	4	4	3	3	4	2	3	4	5	5	3	3	4	1	4	2	3
prijeloman	P	3167	3	4	4	5	2	3	1	1	3	2	2	2	1	4	1	4	2	3	2	3	2	2	1	5	1	2	5	2	2	2	2	3	1	2	1	4	3	1	4	3	2	0	1	2	1	1	1	2	3	2	3	3	2	2	4	2	4	3	3	1	1	3	2	1
konstruktivan	P	14526	2	2	5	2	3	2	1	3	1	3	1	3	2	0	1	5	3	5	3	4	2	3	1	5	1	4	1	4	3	3	2	1	1	2	1	4	1	3	3	4	4	4	1	3	1	1	3	3	2	3	2	3	2	2	1	3	3	4	1	4	1	5	2	3
