leksem	vr	frek	12a.01.k	12a.01.č	12a.02.k	12a.02.č	12a.03.k	12a.03.č	12a.04.k	12a.04.č	12a.05.k	12a.05.č	12a.06.k	12a.06.č	12a.07.k	12a.07.č	12a.08.k	12a.08.č	12a.09.k	12a.09.č	12a.10.k	12a.10.č	12a.11.k	12a.11.č	12a.12.k	12a.12.č	12a.13.k	12a.13.č	12a.14.k	12a.14.č	12a.15.k	12a.15.č	12a.16.k	12a.16.č	12a.17.k	12a.17.č	12b.01.k	12b.01.č	12b.02.k	12b.02.č	12b.03.k	12b.03.č	12b.04.k	12b.04.č	12b.05.k	12b.05.č	12b.06.k	12b.06.č	12b.07.k	12b.07.č	12b.08.k	12b.08.č	12b.09.k	12b.09.č	12b.10.k	12b.10.č	12b.11.k	12b.11.č	12b.12.k	12b.12.č	12b.13.k	12b.13.č	12b.14.k	12b.14.č	12b.15.k	12b.15.č	12b.16.k	12b.16.č	12b.17.k	12b.17.č	12b.18.k	12b.18.č	12b.19.k	12b.19.č
nošnja	I	11958	5	2	5	2	4	3	4	2	5	3	4	2	5	3	5	3	5	2	4	3	5	3	4	3	5	4	5	3	4	3	5	3	5	2	5	3	5	2	5	1	4	2	5	2	2	3	4	2	5	2	4	2	4	2	5	2	5	1	5	2	5	1	5	3	4	3	5	3	5	2	3	1
potvrditi	G	164346	1	4	2	4	3	5	3	5	1	4	2	4	2	5	2	3	3	4	1	5	4	4	2	5	2	5	3	5	2	5	1	4	2	5	3	3	1	4	4	5	3	3	1	5	3	5	3	3	2	4	3	3	2	3	5	2	2	5	2	3	1	3	2	3	3	3	2	4	1	4	3	4
kandidirati	G	17965	2	3	1	3	4	5	3	3	5	4	2	3	3	4	2	3	1	3	1	4	2	2	3	4	2	3	1	4	2	3	2	3	3	4	3	2	2	3	4	4	3	3	1	3	4	3	3	2	1	3	3	4	2	3	3	5	1	3	3	2	1	1	1	2	3	3	3	3	1	2	1	2
zaživjeti	G	13511	1	2	1	3	1	3	2	4	1	2	1	2	4	2	1	2	1	2	1	2	1	2	3	0	3	2	2	4	2	2	1	2	2	2	2	2	2	4	2	1	2	3	1	3	1	3	3	2	1	1	3	2	1	2	5	4	2	2	3	1	2	2	1	2	2	3	2	2	2	2	2	1
dovoljan	P	116490	2	4	2	5	1	5	2	5	2	2	2	4	4	3	2	3	2	3	1	4	1	4	3	0	3	4	4	5	3	5	2	4	4	5	2	3	1	5	2	4	2	3	1	5	3	5	2	4	1	3	3	3	4	3	1	2	1	5	2	4	1	4	1	4	2	3	2	4	2	4	3	4
izgrađivati	G	7448	4	4	3	3	5	4	4	4	5	2	3	2	4	4	3	4	5	3	2	4	4	4	4	4	4	3	5	4	3	4	1	1	4	4	4	3	2	3	4	4	4	3	3	3	5	3	4	3	3	2	4	4	2	2	2	5	4	4	3	3	4	2	2	3	4	3	4	3	5	3	3	2
nosač	I	21900	5	3	3	3	5	3	5	4	5	1	4	2	4	3	4	3	5	2	4	3	5	3	4	4	5	3	5	4	4	3	5	4	5	3	5	2	4	3	5	1	4	3	3	2	5	3	4	3	5	2	4	3	4	2	4	3	4	3	5	2	4	2	4	3	5	3	5	2	5	2	3	1
praktičan	P	58360	1	5	1	5	2	5	2	5	1	3	1	5	2	3	2	3	1	4	1	4	2	5	2	5	3	4	2	5	1	5	4	5	3	5	3	4	1	5	4	5	3	4	1	5	3	5	2	2	1	3	3	3	1	2	5	2	1	4	2	3	1	3	1	4	2	3	2	4	2	4	2	3
poratni	P	3878	1	2	1	2	4	5	1	1	2	1	2	1	2	2	1	1	2	1	1	1	1	1	3	3	4	2	1	1	2	1	2	1	2	1	3	2	2	2	3	3	3	2	1	2	2	2	2	1	2	1	3	3	1	1	2	5	1	1	3	2	2	1	1	1	3	3	3	3	3	1	2	1
ugostiti	G	22892	3	4	1	3	5	4	3	4	5	2	3	3	4	4	3	3	3	3	1	2	4	4	4	4	3	3	3	4	3	4	3	0	4	4	3	3	3	2	4	4	2	3	2	2	4	4	4	3	2	3	3	3	2	3	2	3	1	3	2	3	1	2	2	2	3	3	4	4	2	3	2	3
nekvalitetan	P	5542	2	5	1	4	2	5	1	4	4	3	3	5	3	4	3	4	1	4	1	3	4	4	3	5	2	3	5	5	2	5	3	3	4	5	3	3	1	5	3	5	3	3	1	5	4	4	3	2	1	3	3	2	2	4	4	5	2	4	1	3	1	3	1	4	2	3	2	4	3	4	2	3
gostujući	P	21984	2	3	2	4	4	4	2	4	5	2	2	3	2	3	1	2	3	2	1	3	2	4	5	4	3	3	3	3	2	4	2	2	4	4	3	3	3	2	4	3	3	3	2	3	3	4	3	2	2	3	3	2	3	3	2	5	1	4	3	2	1	1	1	2	4	3	4	4	3	2	2	3
nadovezati	G	7644	2	3	1	4	1	5	2	4	2	3	2	4	1	5	1	4	3	3	1	4	4	5	4	4	2	4	3	4	2	4	3	5	3	5	2	2	2	3	4	4	4	3	1	4	1	4	3	2	3	2	3	4	2	2	4	5	2	4	2	3	2	2	2	3	3	3	2	3	2	3	3	1
šešir	I	10858	5	2	5	4	5	2	5	5	5	4	5	4	5	4	5	4	5	3	5	3	5	4	5	4	5	3	5	4	5	5	5	3	5	4	5	3	5	2	5	1	5	2	5	2	5	5	5	3	5	3	5	1	5	3	2	5	5	2	5	2	5	2	5	4	5	3	5	4	5	3	5	2
utvrđivati	G	23756	1	5	2	4	1	4	1	5	1	3	3	5	1	4	2	3	1	4	1	4	2	4	2	5	2	4	2	3	2	4	2	3	3	5	2	2	2	4	4	3	2	3	1	2	2	4	2	2	1	2	3	3	1	3	5	4	1	5	2	3	1	3	1	3	2	3	2	3	2	3	1	4
posvemašnji	P	4483	1	3	1	1	1	1	1	2	1	1	1	1	1	2	1	1	1	1	1	1	1	1	1	3	2	2	1	1	1	2	1	1	2	2	2	1	1	3	1	1	2	2	1	0	1	1	1	1	1	1	2	1	1	1	1	4	1	1	1	1	1	1	1	1	2	3	1	1	1	1	1	1
jednostavnost	I	15568	1	5	1	5	2	5	2	5	2	3	1	5	1	5	2	4	1	4	1	5	2	5	2	5	1	3	3	5	1	5	4	5	3	5	2	3	1	4	2	3	3	4	1	5	1	5	3	2	1	2	2	3	1	2	1	4	1	5	1	3	1	3	1	3	2	3	1	4	1	4	3	4
identificirati	G	15022	1	4	2	4	2	5	3	5	2	4	2	5	3	5	1	3	1	4	1	4	4	4	2	5	1	3	4	3	1	5	4	4	3	5	2	2	2	3	4	5	3	3	1	4	2	4	3	2	1	3	3	3	3	3	1	5	2	4	3	2	1	2	1	3	2	3	3	3	2	3	3	4
pohvatati	G	4274	4	3	4	5	2	5	4	4	1	3	3	5	3	4	2	3	2	3	3	4	5	5	4	4	3	3	5	4	3	5	2	4	3	5	4	2	4	2	3	4	3	4	2	4	4	4	3	3	3	2	3	2	2	2	4	5	3	4	3	3	4	3	2	4	3	3	4	3	4	3	5	3
razdvojiti	G	8103	4	4	1	5	5	4	5	5	5	4	4	5	4	4	2	3	4	4	3	5	5	5	4	5	4	3	5	4	3	5	4	4	4	4	4	3	3	4	4	4	4	4	3	4	5	5	4	4	3	3	3	2	4	3	3	5	4	4	2	4	3	3	2	5	3	3	4	4	4	4	5	4
isključivanje	I	5310	4	5	2	4	3	5	4	5	5	4	2	5	4	5	3	3	5	5	1	5	5	5	4	5	4	3	5	4	2	5	3	5	4	5	3	2	2	4	4	4	3	3	1	3	5	5	3	3	2	2	3	4	4	3	4	5	1	5	2	3	2	4	1	3	2	3	2	4	1	2	5	5
intiman	P	21254	1	3	2	4	1	5	3	5	4	4	1	4	4	4	2	4	1	3	1	3	2	3	2	4	2	4	3	4	2	5	4	4	4	4	3	2	1	4	3	4	3	3	1	4	1	4	3	3	1	3	2	2	3	3	3	5	1	4	1	4	1	3	3	3	2	3	2	3	1	3	2	4
zet	I	11187	5	1	5	4	5	5	3	5	5	5	5	3	5	4	5	3	5	5	3	3	4	4	5	4	5	3	5	4	5	2	5	3	5	5	4	2	2	2	5	3	2	2	4	2	3	3	4	2	4	2	4	3	3	3	2	4	3	3	5	4	3	1	4	4	3	3	5	4	2	2	2	1
gomilati	G	5506	5	3	2	3	5	2	4	5	5	2	3	4	2	4	3	3	4	3	2	3	4	3	4	5	3	2	5	4	3	3	4	3	4	4	2	2	3	4	4	3	3	3	2	4	4	3	4	2	2	2	3	2	4	2	2	5	2	4	3	3	2	3	3	3	3	3	4	3	5	3	5	3
moguć	P	469369	1	5	1	5	1	4	1	5	1	5	1	5	1	5	2	3	1	4	1	5	2	5	1	5	1	3	3	5	1	5	3	4	4	5	2	3	1	5	3	4	2	4	1	5	1	5	1	3	1	4	4	3	1	4	1	5	1	5	2	3	1	4	1	5	2	3	2	4	2	4	3	3
potpisati	G	110113	5	4	4	5	5	5	5	5	5	3	5	5	5	3	4	4	5	4	4	5	5	4	4	5	5	3	5	4	4	5	5	5	5	5	4	3	3	5	5	4	3	3	4	4	5	5	4	3	4	4	4	3	4	4	4	4	4	4	5	3	5	4	4	4	4	3	5	4	4	5	5	5
književnik	I	23209	5	3	5	3	5	5	5	4	5	4	4	5	5	3	5	4	5	3	3	4	4	4	5	5	5	3	5	4	4	4	5	4	5	4	5	4	2	3	5	4	3	4	4	3	4	4	4	3	5	3	5	3	3	3	5	5	4	3	5	3	4	2	4	4	2	4	5	3	4	2	5	4
nastavnik	I	43130	5	4	5	5	5	5	5	5	5	5	4	5	5	4	5	5	5	3	5	5	4	5	5	5	5	4	5	5	4	4	4	3	5	5	5	5	2	3	5	5	4	4	5	4	5	5	3	5	5	4	5	4	4	3	5	5	5	4	5	3	4	4	5	4	5	3	5	4	5	1	5	5
tradicija	I	100880	1	4	1	3	1	5	2	4	1	3	3	4	4	4	2	3	1	2	1	4	2	2	1	4	1	3	4	3	2	3	3	4	4	5	3	3	1	2	4	4	3	3	1	3	2	4	3	4	2	3	3	3	1	3	1	5	1	3	2	3	1	2	2	4	2	0	1	3	1	3	4	4
povlašten	P	16724	2	5	1	2	1	5	1	4	1	2	1	3	3	3	1	2	2	3	1	3	1	2	1	4	2	2	2	3	1	3	3	4	4	4	3	3	1	3	2	2	3	3	1	3	1	3	2	4	1	2	2	2	2	2	2	4	1	3	1	3	1	1	1	4	2	3	1	3	1	3	1	1
poražavajući	P	3507	1	4	1	2	1	5	1	5	1	1	1	2	2	3	1	2	1	3	1	2	1	3	2	5	2	2	2	3	2	2	2	3	4	3	3	3	2	2	4	2	2	3	1	2	1	3	1	3	2	2	2	2	1	2	2	2	1	2	1	3	1	2	1	3	2	3	2	2	1	3	3	3
plašt	I	5901	5	2	5	2	5	1	5	3	5	2	5	2	5	2	5	2	5	1	5	3	5	3	4	4	5	2	5	3	5	3	5	3	5	2	5	3	5	1	5	1	5	2	5	2	5	4	5	3	5	3	5	2	5	2	5	2	5	3	5	2	5	1	5	4	5	3	5	3	5	2	5	4
trnje	I	7024	5	2	5	2	5	2	5	3	5	3	5	3	5	2	5	3	5	2	5	3	5	3	5	4	5	3	5	3	5	3	5	3	5	5	5	3	5	2	5	1	4	3	5	3	5	2	5	3	5	1	5	2	5	2	5	4	5	2	5	2	5	1	5	3	5	3	5	3	5	1	5	3
odaslati	G	3525	3	3	2	2	3	1	4	2	3	1	1	1	2	4	1	2	2	1	1	1	1	1	4	4	3	2	3	2	2	3	2	2	3	3	3	2	3	4	2	1	2	2	1	2	3	3	2	2	4	2	2	2	1	1	4	3	2	2	2	2	1	2	1	2	4	3	4	3	2	1	2	1
pripisivati	G	15875	1	4	2	3	1	5	1	5	2	2	2	4	2	4	2	2	2	4	1	3	2	3	4	4	2	4	2	3	2	2	2	2	3	4	2	2	1	4	2	2	3	3	1	2	1	3	2	2	1	2	2	2	1	2	1	4	1	4	2	2	1	3	1	3	2	3	1	4	2	2	2	3
usamljenost	I	3493	1	4	3	3	4	4	2	5	5	4	1	5	2	4	2	3	3	4	1	3	2	3	2	4	1	3	4	3	2	4	4	3	4	4	2	2	2	3	3	3	3	3	1	5	1	3	2	3	2	3	3	3	3	2	2	3	2	3	1	3	2	5	2	4	2	3	1	4	1	2	5	4
fin	P	57852	1	4	3	4	5	5	1	5	3	5	3	5	4	5	2	4	2	3	1	5	3	4	2	5	2	3	4	4	1	4	3	3	4	4	3	3	1	3	2	2	3	3	1	4	5	5	2	4	1	4	2	2	3	3	2	4	3	3	3	3	1	3	4	5	2	3	2	3	1	3	4	3
šarmantan	P	7876	1	4	3	4	2	4	1	5	2	3	1	4	2	4	1	3	3	4	2	5	4	4	2	5	2	3	3	3	2	4	4	4	4	4	3	3	1	4	3	3	4	3	1	3	2	4	2	3	1	3	2	2	2	2	1	5	3	3	1	3	1	2	1	4	2	3	2	3	1	2	4	3
čovječji	P	3207	4	3	2	5	1	4	2	4	5	5	3	3	3	2	1	2	5	4	3	3	2	2	4	4	4	3	4	2	1	1	3	2	3	3	4	2	1	3	2	1	4	3	2	3	3	1	2	2	3	2	3	3	2	2	5	2	1	2	1	2	1	1	1	3	2	3	5	2	4	2	3	1
glumiti	G	60476	4	3	5	5	5	4	3	5	3	5	4	5	4	3	2	4	5	4	4	5	4	4	4	5	3	3	5	4	3	5	5	4	4	4	4	3	1	3	4	4	4	4	1	5	4	5	3	3	3	3	2	2	4	3	5	5	1	4	2	3	2	2	4	5	2	3	3	4	3	3	5	5
pokušati	G	245328	2	5	3	5	2	5	1	5	3	5	2	5	2	5	2	4	4	5	1	5	2	4	3	5	2	4	3	4	2	5	5	5	3	5	2	4	2	5	5	5	3	4	1	5	3	5	3	5	2	5	3	4	3	3	5	5	2	4	2	4	2	4	2	5	2	3	2	4	2	5	3	5
kupiti	G	344519	5	5	5	5	5	5	5	5	5	5	4	5	4	5	4	5	5	5	2	5	4	5	4	5	4	4	5	5	3	5	5	5	4	5	4	4	2	4	5	5	4	5	4	5	5	5	4	5	4	5	5	4	5	4	5	5	4	5	3	4	4	4	4	5	4	4	5	5	4	5	5	5
sklizak	P	4365	5	3	4	3	5	4	5	4	5	4	4	3	4	3	3	3	3	2	4	3	5	3	4	4	5	3	5	3	4	4	5	4	4	4	3	2	5	3	5	2	4	3	4	4	4	3	4	2	4	2	4	2	4	3	3	4	4	3	3	3	2	1	4	4	3	3	4	3	4	3	5	3
čunj	I	5988	5	3	5	3	5	3	4	3	5	2	5	3	5	2	5	2	5	2	5	3	5	3	5	4	5	2	5	2	5	3	5	4	5	3	5	2	5	2	5	1	5	3	5	2	5	3	5	2	5	1	5	1	5	2	5	1	5	3	5	2	5	1	5	4	4	3	5	2	5	2	5	3
ulaz	I	85305	5	4	5	5	5	5	4	5	5	4	4	5	5	5	5	5	5	4	4	5	5	5	4	5	4	4	5	4	5	5	5	5	5	5	5	4	3	4	5	4	3	4	5	5	5	5	5	5	5	4	5	4	5	4	5	5	5	4	4	4	5	2	5	5	4	3	5	4	4	5	5	5
bočni	P	17452	5	4	3	3	5	4	3	5	5	2	4	4	4	4	4	4	5	3	4	4	4	4	5	4	4	4	5	4	4	4	5	5	5	5	5	2	5	3	5	2	3	3	3	3	5	4	4	3	4	3	4	2	4	3	3	4	4	3	3	3	5	1	5	5	4	3	5	3	4	2	5	3
voljan	P	13974	1	3	2	4	1	5	1	4	3	3	2	4	2	4	3	3	1	4	1	4	1	2	3	5	1	3	4	4	2	5	3	4	4	4	3	2	1	5	3	3	3	4	1	4	2	4	2	4	1	2	3	3	3	2	2	4	1	4	1	3	1	4	2	3	2	3	1	4	1	4	3	3
doktrina	I	8914	2	1	1	1	1	4	1	3	2	2	1	1	1	4	2	1	1	3	1	2	1	1	3	3	1	2	2	1	1	2	3	3	3	2	3	1	1	3	2	2	3	4	1	3	1	3	1	1	1	2	2	2	1	2	4	2	1	1	2	2	1	1	1	2	1	3	2	2	2	1	1	1
prodavačica	I	8023	5	5	5	4	5	5	4	5	5	5	5	5	5	5	5	4	5	5	5	5	5	4	5	5	5	3	5	4	4	5	5	5	5	4	5	4	4	4	5	4	4	4	5	4	5	5	5	5	5	4	5	4	5	4	5	5	5	4	5	4	5	3	5	5	5	3	5	4	5	4	5	5
zaslužen	P	11429	2	3	2	5	1	5	1	5	1	3	1	5	1	4	2	3	2	3	1	3	1	3	3	5	2	3	1	4	2	5	4	4	4	4	3	3	1	5	4	4	3	4	1	4	1	4	3	3	1	3	3	3	1	2	2	4	1	4	1	3	1	3	1	4	2	3	2	4	2	4	2	3
uvaliti	G	13579	3	4	2	3	1	4	1	4	3	3	2	4	1	3	2	3	2	3	1	2	4	4	5	5	2	3	2	3	2	4	3	4	4	3	3	2	4	4	4	4	3	3	1	4	3	3	2	1	2	2	2	3	1	2	2	4	4	4	2	2	1	3	2	4	2	3	4	4	4	3	2	3
šumarski	P	3755	4	3	5	3	4	1	2	3	5	3	3	3	2	1	3	2	4	2	2	2	2	2	5	4	4	3	1	3	3	2	5	3	5	2	3	3	4	2	4	2	3	2	3	2	5	3	4	2	5	2	3	1	2	2	4	4	3	2	4	2	4	1	2	2	4	3	4	3	4	2	3	1
prisjetiti	G	28733	2	5	1	4	1	5	1	5	5	4	3	5	1	4	2	4	3	3	1	5	2	4	3	5	2	4	2	5	2	5	3	5	4	5	3	4	1	5	5	5	2	4	2	4	2	4	3	4	1	3	3	4	1	2	2	4	1	4	2	3	1	4	3	5	1	3	2	4	1	5	5	4
pikado	I	4373	5	2	5	3	5	3	4	3	5	2	5	2	5	3	5	3	5	1	5	2	5	5	5	5	5	2	5	3	5	3	5	4	5	4	5	2	5	3	5	1	5	3	5	3	5	2	5	2	5	2	4	1	5	2	5	2	5	2	5	2	5	2	5	3	5	3	5	4	5	2	5	1
očekivati	G	437296	2	4	1	5	1	5	1	5	1	4	1	5	2	4	2	4	1	5	1	5	2	4	3	5	2	3	3	5	1	5	4	4	4	4	3	4	1	5	3	4	3	4	1	5	2	4	3	4	2	4	2	4	2	4	3	4	2	5	2	3	1	5	2	4	2	4	2	4	1	4	3	3
proizvodni	P	37453	5	3	4	3	4	4	1	3	3	2	3	2	2	4	3	2	2	3	1	2	2	2	4	5	3	3	1	2	3	2	3	3	4	3	3	1	1	2	2	2	3	4	1	4	3	3	2	1	4	2	3	3	2	2	4	4	2	2	3	3	2	1	1	2	2	3	4	3	4	1	1	2
rođendanski	P	6767	5	4	4	3	1	2	2	3	5	4	4	3	3	4	3	4	2	4	1	3	3	3	4	4	4	3	3	3	3	4	5	4	5	3	4	2	2	2	4	3	3	3	2	3	5	3	4	3	4	3	4	3	3	3	4	4	3	3	3	3	2	2	2	4	3	3	4	4	2	2	3	2
strateški	P	46802	2	4	1	2	1	4	1	3	1	1	2	1	1	4	2	2	1	3	1	4	2	2	2	4	1	2	3	3	2	3	3	3	4	3	2	1	1	4	3	1	2	3	1	4	1	3	1	2	1	4	2	2	1	2	2	4	1	2	2	3	1	2	1	3	1	4	2	3	1	2	1	1
rasteretiti	G	4077	4	4	2	2	5	4	3	5	3	3	1	2	2	4	2	3	3	4	1	4	3	3	3	4	1	3	4	3	3	4	4	3	4	3	3	2	4	4	4	3	3	3	3	3	2	3	3	2	3	2	3	3	3	2	3	4	2	3	2	3	3	2	2	4	2	3	4	3	4	3	5	3
forsirati	G	12151	3	5	2	4	3	4	1	5	2	3	3	4	1	5	1	3	2	4	1	4	3	3	3	4	1	3	5	4	3	4	2	3	4	4	2	4	3	3	4	3	3	3	2	5	2	3	3	3	1	3	4	3	2	2	3	4	3	3	2	3	2	4	1	4	2	3	2	4	2	3	4	3
kuhar	I	18197	5	4	5	3	5	4	5	5	5	3	5	4	5	4	5	4	5	3	5	5	5	4	5	5	5	3	5	5	4	5	5	4	5	3	5	4	5	3	5	2	5	4	5	4	5	4	5	4	5	4	5	3	5	4	5	4	5	4	5	4	5	3	5	5	5	4	5	5	5	4	5	3
uvjeriti	G	62632	2	4	2	5	2	5	1	5	2	4	2	5	3	4	2	3	1	4	1	5	2	4	2	4	2	3	3	4	2	5	4	3	4	4	3	2	1	5	4	2	3	4	1	5	3	5	3	4	2	4	3	3	1	3	3	4	1	4	2	4	1	3	1	4	4	3	1	4	2	4	3	4
prvoplasirani	P	3299	4	3	5	2	5	3	4	4	5	2	3	1	3	2	4	2	4	1	1	1	4	2	3	4	2	3	5	2	2	2	3	3	3	2	4	2	3	2	4	3	4	3	5	2	4	3	5	2	4	1	4	3	2	3	4	2	3	2	4	2	3	1	1	2	1	3	4	3	2	1	5	3
futuristički	P	3494	2	3	2	2	1	5	1	2	1	1	1	2	1	2	1	1	1	2	1	2	2	2	2	4	2	3	4	1	2	5	3	3	4	2	1	1	1	3	4	2	4	3	1	2	2	4	4	1	1	2	2	2	1	2	2	2	1	1	1	2	1	3	1	3	1	3	1	4	3	2	3	2
primjenjivati	G	55816	3	5	3	5	4	4	1	5	4	4	1	4	3	3	3	3	3	4	2	4	2	3	2	5	1	2	3	4	2	5	4	4	4	5	3	2	1	5	4	5	3	4	1	5	2	5	3	3	1	3	4	4	2	3	3	3	2	5	2	4	2	2	2	5	2	4	3	4	2	4	3	4
sob	I	5865	5	2	5	2	5	2	5	3	5	1	5	2	5	2	5	3	5	2	5	2	5	2	5	3	5	2	5	3	5	3	5	3	5	3	5	2	5	1	5	1	5	2	5	2	5	1	5	2	5	2	4	2	5	2	5	4	5	2	5	2	5	2	5	3	5	3	5	3	5	2	5	2
uvredljiv	P	9043	1	4	3	4	1	5	1	5	5	4	1	3	3	4	2	3	2	3	1	5	3	4	2	4	2	3	4	3	3	4	5	4	4	5	2	3	2	3	3	4	3	4	1	4	2	4	3	4	1	3	4	4	2	2	2	4	2	3	2	4	1	3	2	4	1	4	1	4	2	4	4	5
šampon	I	10710	5	3	5	4	5	5	5	5	5	5	5	4	5	5	5	4	5	5	5	4	5	5	5	4	5	4	5	4	5	5	5	4	5	5	5	4	5	4	5	3	5	5	5	4	5	4	5	4	5	4	5	3	5	4	5	4	5	4	5	4	5	4	5	5	5	4	5	5	5	4	5	5
neslužben	P	17459	1	5	2	3	1	4	1	5	4	4	1	3	3	4	2	2	1	3	1	3	2	3	3	5	2	3	2	4	2	5	3	4	4	3	3	2	1	4	1	2	3	4	1	3	2	4	4	3	2	4	3	3	1	2	2	4	1	3	2	4	1	3	2	4	1	4	3	4	2	3	1	3
bivati	G	34632	1	3	1	2	5	1	1	1	1	1	1	3	1	2	1	1	2	1	1	2	1	2	2	4	1	3	1	2	1	3	2	1	3	3	1	1	1	4	4	3	3	3	1	1	1	1	3	1	1	2	2	2	1	2	5	2	1	1	1	2	1	2	1	4	1	5	1	4	1	3	2	3
ljubazan	P	15199	2	5	3	4	2	5	2	5	5	5	2	4	2	4	3	3	3	4	1	4	3	3	2	5	3	3	4	4	3	4	4	4	4	4	3	3	2	4	4	3	3	4	1	5	4	5	4	5	1	3	4	3	3	3	4	4	2	3	2	4	2	3	1	4	2	4	1	4	1	2	4	3
okušati	G	11426	2	1	2	3	3	4	1	3	4	2	1	2	2	4	2	1	1	2	1	3	2	3	4	4	3	4	3	3	2	4	4	4	4	4	3	3	3	3	4	2	2	2	2	2	2	2	3	3	2	2	4	3	2	2	2	4	1	3	2	3	2	2	1	3	4	3	2	3	2	2	3	2
lucidan	P	3787	1	1	1	3	3	5	1	2	3	2	1	1	1	4	1	1	1	1	1	3	1	1	2	4	2	2	4	1	1	4	4	4	5	2	1	1	1	3	1	1	3	3	1	2	1	3	2	1	1	2	3	3	2	2	2	2	1	1	1	2	1	2	1	3	1	4	2	3	1	2	3	4
hrabar	P	37565	1	4	3	4	3	5	1	5	4	4	1	4	2	4	1	3	4	5	1	4	2	4	2	4	3	3	5	3	3	5	5	4	4	3	2	3	1	5	3	2	2	4	3	4	1	4	3	5	1	4	4	3	3	3	2	4	1	4	1	4	2	3	3	5	2	3	1	4	1	3	4	4
liječiti	G	41981	5	5	4	4	4	4	3	5	5	5	3	4	4	4	3	4	3	2	2	4	2	3	3	5	4	4	5	3	3	5	5	5	5	3	3	3	3	4	5	4	3	4	4	3	4	5	5	4	4	3	5	4	4	4	4	4	3	3	3	4	3	4	3	5	4	3	3	4	2	3	3	4
uručiti	G	22163	4	2	2	3	5	4	5	5	5	3	4	1	4	4	3	2	2	3	1	3	2	2	4	5	3	3	5	3	3	3	4	5	5	4	3	1	5	3	4	2	3	3	3	3	5	4	4	2	3	2	3	2	4	2	4	4	2	1	4	3	4	3	3	3	3	3	4	4	4	2	5	2
beznačajan	P	6966	1	3	1	4	1	5	1	4	1	2	2	3	1	4	1	2	1	2	1	3	1	2	3	5	1	3	4	3	2	3	5	5	2	3	2	2	1	5	2	3	2	3	1	4	1	3	2	3	1	3	2	3	2	2	3	4	1	3	1	4	1	5	1	4	2	3	2	3	1	4	3	3
siliti	G	5428	2	2	1	2	5	4	4	5	3	2	2	2	1	4	3	2	3	4	1	3	2	3	4	4	2	2	5	4	2	3	3	4	3	4	2	1	2	3	3	3	2	3	2	4	4	2	3	4	1	3	2	3	3	2	5	4	2	3	3	4	2	3	1	5	3	3	2	4	1	3	4	3
registrirati	G	22598	5	4	3	2	4	4	3	4	5	3	3	2	1	4	3	2	4	3	1	4	2	3	3	4	2	3	5	3	1	2	4	4	4	4	1	1	3	4	2	2	3	3	1	4	3	2	3	3	2	2	4	3	2	3	5	5	2	2	3	4	2	3	1	4	2	3	4	3	2	3	1	1
usmrtiti	G	5767	4	2	3	2	5	5	5	4	5	3	4	1	5	2	4	2	5	2	4	2	4	3	4	4	4	3	5	4	3	2	2	2	5	2	3	2	5	3	5	1	4	3	4	3	4	3	5	4	4	2	4	4	5	3	5	3	4	1	3	3	5	4	2	3	4	3	5	3	3	2	5	2
neprimjetan	P	3399	4	2	2	4	5	4	3	4	2	2	2	2	1	3	3	2	2	3	1	2	2	2	4	4	2	3	4	3	2	3	3	4	4	3	2	1	4	4	3	2	3	3	2	4	3	4	3	3	1	3	2	3	2	2	4	5	2	4	2	3	1	3	3	4	2	3	3	3	3	3	3	4
dvorište	I	52223	5	3	5	5	5	5	3	4	5	4	5	5	4	5	5	5	5	3	5	4	5	4	5	5	5	3	5	3	4	5	5	5	5	2	5	3	4	4	5	2	5	4	3	4	5	5	5	5	5	4	5	4	5	3	5	5	5	4	5	4	5	4	5	5	5	4	5	4	5	4	5	4
zamjenjivati	G	12505	5	4	4	4	5	4	4	5	2	3	2	2	2	4	2	3	5	3	2	4	4	3	4	4	3	3	5	4	4	5	2	3	4	3	3	1	3	5	4	4	3	4	3	5	2	4	4	5	2	3	4	3	2	2	4	5	2	5	4	4	2	4	3	4	1	4	3	4	4	3	3	4
mekan	P	17414	5	3	5	5	5	5	3	5	5	4	5	4	4	4	4	3	5	4	5	4	5	5		4	5	4	5	4	3	5	5	4	5	5	4	3	4	4	3	3	4	4	5	4	5	5	5	5	5	4	5	2	5	4	5	5	4	4	5	4	5	4	4	5	5	4	5	4	5	3	5	5
nekadašnji	P	61184	1	3	1	3	1	2	2	5	2	1	2	2	2	4	2	2	2	2	1	3	3	3	3	4	2	3	1	2	2	2	3	4	4	3	2	1	2	3	2	2	2	3	1	3	1	2	3	2	1	2	2	4	1	2	1	4	1	3	1	3	1	3	1	4	1	3	1	3	1	2	1	2
nevažan	P	13205	1	3	2	3	2	5	1	5	2	3	2	4	2	4	2	3	1	4	1	4	2	4	3	5	2	3	2	5	2	4	2	3	3	4	2	1	2	5	2	4	3	4	1	5	1	4	2	5	1	3	2	3	2	3	1	4	1	5	1	4	1	3	2	5	2	4	1	4	1	3	2	4
predsjednički	P	42032	5	4	4	3	3	5	1	5	5	4	4	1	3	3	3	3	4	3	1	4	2	2	4	4	3	3	3	4	2	3	4	3	4	3	2	1	3	2	3	4	3	4	1	5	1	3	2	3	3	3	4	3	3	3	5	4	2	2	4	3	1	3	1	3	1	4	5	4	2	2	2	3
žalostan	P	13080	4	3	5	4	5	4	5	5	2	5	5	3	5	4	4	4	5	4	1	2	3	4	3	5	3	3	5	3	4	3	5	4	5	4	4	1	2	3	4	4	3	4	5	4	5	4	4	4	2	4	5	3	5	3	5	4	3	4	1	4	4	4	5	4	3	3	1	4	2	3	5	5
estetski	P	20143	1	4	4	3	1	5	1	2	2	2	1	2	3	2	2	2	2	3	1	3	1	2	2	4	1	2	2	3	1	4	4	4	4	3	1	1	1	3	2	3	3	4	1	5	1	3	1	2	1	3	4	3	1	2	4	3	1	2	2	3	1	3	1	2	1	4	1	5	1	2	1	3
kandidatura	I	22616	4	4	4	3	5	4	1	5	5	4	4	1	2	3	4	2	5	2	1	3	1	2	4	4	2	3	2	3	1	1	5	4	3	2	2	2	2	1	3	3	4	4	1	4	2	3	2	3	1	3	3	5	1	2	4	4	2	2	3	3	1	3	1	4	4	4	2	4	1	2	2	3
živcirati	G	12826	2	5	2	4	5	5	4	5	2	4	3	5	4	4	3	4	4	4	2	5	2	5	3	5	3	3	4	5	2	5	5	5	4	5	2	4	3	3	4	4	4	4	2	5	1	5	3	5	1	5	4	5	2	3	2	4	1	4	2	4	2	5	2	5	2	3	2	5	1	5	4	5
prenositi	G	112822	5	3	3	4	5	4	4	5	5	4	4	3	4	3	2	2	3	4	3	4	3	2	5	5	3	3	5	4	4	5	5	4	4	4	3	2	5	3	5	4	4	4	3	4	5	5	5	5	4	4	4	3	3	2	5	4	4	5	5	4	5	3	5	5	4	3	5	4	3	4	5	4
motati	G	7208	5	5	3	4	5	5	5	4	5	4	4	2	5	3	4	3	5	3	4	3	4	4	4	5	3	2	5	4	4	4	5	3	4	4	4	2	5	4	5	2	4	3	5	5	5	5	5	5	4	4	3	3	4	3	5	4	5	4	4	2	5	3	4	4	4	3	5	5	5	2	5	3
ultimativan	P	5546	1	3	1	1	1	4	1	2	1	1	1	1	2	3	1	1	1	2	1	2	2	2	3	4	2	2	4	2	2	3	3	3	3	3	2	1	2	3	1	1	2	4	1	3	1	3	3	3	1	3	2	3	4	4	1	3	1	3	2	2	1	3	1	3	2	3	1	2	1	2	1	3
sustići	G	4285	5	2	4	4	5	3	3	4	5	3	3	2	3	2	4	3	5	4	2	2	3	3	4	4	2	3	5	3	2	3	4	4	4	3	2	2	5	2	4	4	3	3	4	4	3	3	4	3	3	2	2	3	3	2	5	4	4	4	4	3	3	3	1	4	3	3	4	3	2	3	4	2
graditi	G	111247	5	4	4	4	5	5	5	4	5	4	5	3	5	3	5	4	5	4	4	4	4	3	5	5	5	3	5	3	3	5	5	5	4	3	3	2	5	3	5	5	4	4	5	4	5	5	5	4	4	3	4	4	4	3	5	4	4	4	4	4	5	4	5	4	3	3	5	4	4	3	4	4
unos	I	32398	4	4	2	4	4	4	4	4	5	2	4	1	2	4	3	3	2	2	1	3	2	2	4	4	2	3	5	3	3	4	4	3	4	4	1	1	4	2	4	4	3	3	3	4	4	4	4	3	3	3	2	3	3	3	4	2	3	4	4	3	1	3	2	3	3	3	5	3	2	2	2	4
gostovati	G	33409	4	3	3	4	4	3	1	4	5	4	3	2	1	3	2	3	4	3	1	2	2	4	5	4	3	3	3	3	3	4	5	4	4	2	2	2	4	2	4	3	2	3	1	3	4	3	3	3	2	3	4	3	3	3	5	5	2	4	3	4	2	4	2	3	2	3	5	4	1	2	3	4
gladovati	G	4352	4	3	3	4	5	5	3	5	5	3	4	2	2	4	3	3	5	3	1	3	2	2	4	4	4	3	3	3	3	3	5	3	5	3	2	4	5	4	5	5	3	3	4	4	5	2	3	5	3	4	5	4	2	3	5	5	3	4	3	4	1	5	4	3	3	3	3	4	2	4	3	4
obnavljanje	I	8894	5	3	2	4	5	4	1	3	1	2	3	1	1	3	2	3	4	3	1	2	3	3	3	4	2	3	5	3	1	2	5	3	4	3	2	2	3	3	2	2	3	3	3	3	3	3	4	4	3	4	3	3	2	3	1	3	3	4	2	4	2	4	2	3	3	3	3	3	2	3	2	4
