leksem	vr	frek	21a.01.k	21a.01.č	21a.02.k	21a.02.č	21a.03.k	21a.03.č	21a.04.k	21a.04.č	21a.05.k	21a.05.č	21a.06.k	21a.06.č	21a.07.k	21a.07.č	21a.08.k	21a.08.č	21a.09.k	21a.09.č	21a.10.k	21a.10.č	21a.11.k	21a.11.č	21a.12.k	21a.12.č	21a.13.k	21a.13.č	21a.14.k	21a.14.č	21a.15.k	21a.15.č	21b.01.k	21b.01.č	21b.02.k	21b.02.č	21b.03.k	21b.03.č	21b.04.k	21b.04.č	21b.05.k	21b.05.č	21b.06.k	21b.06.č	21b.07.k	21b.07.č	21b.08.k	21b.08.č	21b.09.k	21b.09.č	21b.10.k	21b.10.č	21b.11.k	21b.11.č	21b.12.k	21b.12.č	21b.13.k	21b.13.č	21b.14.k	21b.14.č	21b.15.k	21b.15.č	21b.16.k	21b.16.č	21b.17.k	21b.17.č	21b.18.k	21b.18.č	21b.19.k	21b.19.č	21b.20.k	21b.20.č
blijed	P	9254	4	4	4	4	4	3	5	4	4	2	5	3	4	4	4	5	4	4	5	3	5	4	4	4	5	4	0	0	2	3	3	3	5	0	5	1	4	3	4	4	5	3	5	2	5	5	3	3	5	2	5	1	5	3	4	3	3	5	4	3	3	4	3	3	4	5	5	3	1	4
nezainteresiran	P	4961	5	4	3	4	1	3	2	5	3	3	3	4	2	4	3	5	2	4	3	2	3	5	2	5	3	5	0	0	4	4	3	3	5	0	5	3	5	4	4	5	3	3	5	4	5	5	5	5	5	4	5	3	1	3	3	2	2	5	3	3	1	5	3	3	5	4	3	2	1	4
ovladati	G	5441	4	3	4	3	1	2	1	3	2	2	2	2	1	2	3	4	2	3	1	1	2	2	2	1	2	4	0	0	2	2	3	3	5	0	4	1	3	0	2	2	3	3	4	4	5	5	2	1	3	3	2	1	2	3	4	4	4	3	2	2	2	1	3	3	4	4	2	3	1	3
pristati	G	51321	4	3	3	4	2	4	2	4	3	4	2	4	2	4	2	5	2	3	2	2	1	5	3	3	3	5	0	0	4	5	3	3	3	0	4	2	4	3	4	4	3	3	4	3	5	5	0	0	2	2	5	3	1	3	4	4	3	4	4	3	2	5	3	3	5	5	2	2	2	4
dati	G	1027966	3	3	5	5	3	5	5	5	3	4	3	5	3	4	4	5	3	5	3	5	5	5	1	5	4	4	0	0	5	5	3	3	4	0	5	3	5	4	1	5	3	3	5	5	4	2	2	3	4	3	4	3	4	3	3	4	2	4	5	4	3	5	3	3	5	5	3	4	4	4
opredjeljenje	I	10019	4	4	3	3	2	4	2	3	4	2	1	3	2	3	1	3	1	3	1	2	2	3	1	2	3	3	0	0	1	3	3	3	2	0	4	1	5	0	5	4	3	3	5	1	0	0	2	1	5	3	2	1	2	3	4	4	5	1	1	2	1	4	3	3	4	4	3	1	1	3
val	I	57128	4	4	5	3	5	3	5	3	2	2	5	3	4	3	5	3	5	3	5	2	5	3	3	3	4	4	0	0	5	4	3	3	5	0	5	1	4	3	3	5	5	3	5	1	5	2	3	2	3	2	5	1	5	3	4	4	5	5	4	2	5	3	3	3	4	5	5	1	5	2
beskrajan	P	12627	5	4	3	5	1	1	1	3	2	1	2	3	1	4	2	5	1	3	3	2	1	2	1	5	2	3	0	0	3	3	3	3	5	0	5	1	0	4	1	5	1	3	2	2	2	2	2	2	2	5	1	2	4	3	4	4	3	4	1	2	2	3	3	3	5	5	2	3	1	3
proživjeti	G	12763	3	4	5	4	0	0	3	4	2	2	3	4	2	3	3	4	1	3	1	3	1	3	2	4	3	4	0	0	3	2	3	3	3	0	4	3	5	3	5	4	3	3	2	2	5	2	2	3	3	4	4	3	4	3	3	3	4	3	1	3	1	3	3	3	5	5	3	2	1	3
raspisivati	G	4222	4	2	4	4	2	2	5	4	1	2	2	3	2	3	4	3	3	4	2	3	5	3	4	1	4	4	0	0	3	2	3	3	4	0	4	1	5	4	4	4	3	3	4	3	5	2	1	1	2	3	3	2	4	3	3	4	5	4	2	2	1	1	3	3	5	5	2	3	1	3
ostarjeti	G	3866	4	2	3	4	3	3	5	4	5	3	5	4	3	3	4	5	3	2	4	3	3	3	2	2	4	4	0	0	2	4	3	3	3	0	4	2	5	4	4	4	3	3	3	2	5	2	0	0	3	3	5	1	4	3	3	5	5	5	2	3	1	4	3	3	5	5	4	1	1	3
prebaciti	G	48488	4	3	2	4	3	4	5	5	2	3	2	2	2	3	5	5	4	3	2	3	4	3	2	4	5	4	0	0	2	3	3	3	3	0	4	3	5	3	3	5	3	3	4	2	4	5	2	2	4	4	2	2	5	3	4	5	5	5	4	3	2	3	3	3	5	5	3	1	3	4
naljutiti	G	11834	4	3	4	4	2	4	5	4	4	3	4	4	2	4	3	4	3	3	4	4	5	5	3	4	4	5	0	0	2	4	3	3	3	0	4	3	5	4	5	5	3	3	3	2	5	5	2	3	3	3	4	2	5	3	5	3	5	5	4	3	1	2	3	3	4	5	4	2	3	4
trzaj	I	3656	4	2	3	3	4	2	5	3	2	1	2	2	4	2	5	5	4	2	3	2	5	3	4	3	5	3	0	0	2	3	3	3	5	0	5	1	4	0	4	3	3	3	2	1	5	5	3	2	4	2	3	2	5	3	2	3	3	4	3	2	5	2	3	3	5	5	5	2	5	4
reproducirati	G	5426	3	2	4	4	4	4	4	4	3	3	1	2	2	2	3	4	2	4	1	2	4	3	2	2	3	3	0	0	4	1	3	3	4	0	4	1	4	3	2	4	3	3	3	1	3	2	2	1	3	3	2	1	4	3	4	4	5	2	3	2	2	3	3	4	4	5	3	3	2	4
novac	I	489289	3	1	4	5	1	5	5	5	5	4	5	5	5	5	4	5	2	5	5	4	5	5	3	4	4	5	0	0	3	5	3	3	5	0	5	5	2	4	1	5	5	5	5	3	5	5	5	5	5	5	5	4	5	3	5	4	5	5	5	5	3	5	3	4	5	5	5	4	5	5
diktat	I	3864	4	2	3	3	2	1	3	3	2	1	2	2	2	1	2	4	2	1	1	4	5	2	2	1	3	4	0	0	3	1	3	3	4	0	5	1	4	4	0	0	5	3	4	1	5	5	3	1	4	4	5	1	5	3	3	3	2	3	4	3	3	2	3	3	5	5	4	3	2	1
osvrtati	G	7170	4	2	5	4	2	2	2	4	1	1	2	2	3	3	2	3	2	2	1	3	4	3	1	1	4	3	0	0	2	1	3	3	2	0	4	2	4	2	5	3	3	3	3	1	3	2	2	1	2	3	2	1	2	3	3	4	2	3	2	2	1	4	3	3	3	4	2	2	1	3
objediniti	G	5335	3	1	5	4	1	2	3	4	3	1	3	3	2	3	3	3	2	2	1	3	3	3	2	2	3	4	0	0	3	2	3	3	2	0	4	1	2	4	4	2	3	3	4	1	0	0	2	1	4	2	2	1	5	3	4	3	3	2	2	3	1	4	3	3	3	5	1	2	1	1
trijezan	P	3854	4	4	4	5	1	5	4	4	3	1	5	4	3	5	2	4	2	3	4	3	5	3	3	3	3	5	0	0	2	4	3	3	5	0	5	4	3	4	3	4	3	3	5	1	4	5	1	1	5	4	5	3	5	3	5	5	5	5	2	3	2	3	3	3	4	5	4	2	1	3
forumski	P	3965	3	2	4	4	1	1	3	3	2	1	1	1	2	2	3	4	2	2	1	1	3	3	3	2	2	3	0	0	1	1	3	3	4	0	4	1	4	2	2	2	3	3	1	1	3	3	1	1	4	4	2	1	3	3	3	3	3	2	1	1	1	1	3	3	4	4	2	2	1	1
cestovan	P	20704	2	1	5	1	4	2	3	2	1	1	1	1	3	2	4	3	3	2	4	2	5	4	4	3	5	3	0	0	2	2	3	3	4	0	4	2	4	3	2	1	3	3	3	1	5	5	1	1	5	3	5	2	3	3	2	5	5	4	1	3	2	3	3	3	4	5	4	2	1	2
navaliti	G	8735	3	3	3	3	1	3	2	3	3	2	3	3	2	2	3	4	3	3	2	3	3	3	1	3	2	4	0	0	1	3	3	3	4	0	4	4	4	2	4	3	3	3	3	2	5	5	2	3	4	3	2	1	4	3	3	4	5	5	2	3	1	2	3	3	5	5	2	3	3	4
svestran	P	7480	4	3	3	4	1	1	2	4	4	3	4	4	1	4	2	4	1	3	1	3	2	3	3	2	2	4	0	0	1	2	3	3	2	0	4	1	2	4	3	2	3	3	4	3	4	3	3	3	2	2	3	1	1	3	3	5	3	3	1	2	1	4	3	3	5	5	2	1	1	3
nedoumica	I	8947	4	3	4	4	1	2	1	4	4	3	4	4	2	3	3	5	1	3	1	3	2	3	2	2	2	3	0	0	2	1	3	3	4	0	5	2	2	2	4	4	3	3	4	3	3	4	2	1	3	3	5	2	1	3	4	4	1	2	2	3	1	4	3	3	5	5	2	2	2	3
širok	P	167816	4	4	4	5	4	4	5	5	3	2	4	4	4	4	4	5	5	4	5	4	5	5	3	2	5	4	0	0	5	5	3	3	4	0	5	2	4	2	2	5	3	3	4	3	5	5	3	4	5	4	5	1	5	3	2	3	5	4	4	3	3	4	3	3	4	5	3	2	4	5
olakšanje	I	9525	4	3	3	4	1	3	2	5	4	4	2	5	2	4	4	4	2	3	1	3	4	5	0	0	1	5	0	0	2	4	3	3	4	0	4	2	4	3	3	4	3	3	1	4	3	3	1	2	4	5	4	1	1	3	5	4	2	3	4	4	2	4	3	3	5	5	2	1	1	4
konzultacija	I	15395	3	4	5	3	2	4	4	5	3	2	3	4	4	4	3	5	2	3	2	3	5	5	4	4	2	4	0	0	2	3	3	3	4	0	5	2	2	2	4	5	3	3	5	3	4	2	2	2	4	5	5	2	2	3	4	5	3	4	4	3	2	5	4	4	5	5	5	3	1	5
plivati	G	22839	4	4	2	4	5	3	5	3	4	2	5	3	5	4	5	5	5	2	5	3	5	4	3	3	5	4	0	0	5	3	3	3	5	0	4	3	5	3	5	4	5	3	5	3	5	5	2	2	5	5	5	1	5	3	3	4	5	4	5	3	3	3	4	4	5	5	5	1	5	2
nevjesta	I	4713	4	2	3	3	4	2	4	4	4	1	5	4	4	1	4	4	2	1	5	2	5	3	2	0	4	2	0	0	2	1	3	3	5	0	5	1	5	2	5	2	3	3	5	1	5	2	2	1	4	1	5	1	5	3	1	1	5	4	5	2	4	2	5	3	5	3	5	1	3	3
smjestiti	G	39079	0	3	5	2	1	3	4	4	4	3	2	2	3	3	4	5	3	3	1	3	3	3	4	1	2	4	0	0	3	2	3	3	2	0	4	3	4	3	2	1	3	3	4	2	3	2	1	2	3	2	3	2	1	3	3	4	4	3	3	3	3	4	5	3	4	5	2	2	1	4
kopnen	P	11798	3	2	5	2	3	2	5	3	2	1	5	2	4	2	5	4	3	2	5	2	5	4	3	2	5	2	0	0	3	3	3	3	5	0	4	1	2	2	4	3	3	3	3	2	5	2	1	1	4	3	5	2	5	3	3	3	5	3	2	2	3	3	5	3	4	3	4	1	1	3
momčadski	P	6862	4	2	2	1	1	2	2	2	4	1	5	1	4	1	4	4	2	2	3	1	5	3	2	2	5	2	0	0	1	1	3	3	4	0	4	2	4	1	5	2	3	3	1	1	5	2	2	1	3	2	4	1	5	3	1	1	4	3	2	2	2	1	5	3	4	5	3	1	2	3
bojkotirati	G	5233	4	3	5	4	1	2	2	3	4	2	2	2	2	3	3	3	1	3	3	3	4	3	3	4	1	2	0	0	2	3	3	3	3	0	4	1	5	2	5	5	3	3	3	2	4	2	3	2	4	3	4	1	5	3	1	1	5	3	1	2	2	2	5	3	4	3	3	2	5	4
svibanjski	P	3026	4	2	2	4	1	4	3	3	4	1	2	4	3	2	2	4	3	2	1	1	5	3	1	1	3	3	0	0	4	3	3	3	5	0	4	1	5	4	5	2	3	3	4	3	5	2	3	2	2	1	5	1	1	3	3	2	3	2	1	2	3	4	5	3	4	4	4	4	1	2
vrećica	I	29613	5	3	3	5	5	5	5	5	5	3	5	5	5	5	4	5	5	4	5	4	5	5	5	5	5	5	0	0	5	4	5	5	5	0	5	4	5	3	5	5	3	3	5	4	5	5	5	5	5	5	5	4	5	3	3	3	5	5	5	4	5	5	5	3	5	5	5	4	5	5
operni	P	11974	5	2	5	3	2	2	2	2	4	1	5	5	4	1	4	4	2	3	3	2	5	3	3	1	2	2	0	0	3	3	2	2	5	0	4	1	4	4	0	0	3	3	4	2	5	2	1	1	5	3	4	1	5	3	3	3	5	3	1	2	4	2	5	3	5	5	5	3	3	2
filtriranje	I	3072	3	2	5	3	3	3	2	3	4	2	2	2	4	2	4	3	2	3	5	2	4	3	4	2	2	2	0	0	3	3	2	2	4	0	5	1	4	3	3	3	3	3	1	1	5	2	2	1	3	3	4	1	5	3	2	4	3	3	1	2	2	2	5	3	4	2	3	4	3	2
polovica	I	87685	4	2	5	4	4	2	5	4	5	3	3	3	3	3	5	5	5	4	5	3	5	5	1	3	4	3	0	0	5	4	5	4	5	0	5	2	5	5	5	5	5	3	1	2	5	5	3	3	5	4	5	2	5	3	3	4	2	4	5	3	5	5	5	3	5	5	5	4	4	5
premjestiti	G	9395	3	3	5	4	2	3	5	5	5	4	2	2	2	0	4	5	4	4	3	2	4	5	2	4	5	4	0	0	3	5	4	3	4	0	4	3	4	4	4	5	3	3	3	3	5	5	3	3	4	4	3	3	5	3	3	4	4	4	4	4	4	4	5	3	5	5	2	4	3	5
razraditi	G	6933	4	2	5	3	1	4	4	4	4	3	2	2	2	4	3	5	3	4	3	3	4	4	3	2	3	3	0	0	2	3	3	3	3	0	4	2	3	3	2	4	3	3	2	2	3	2	2	1	2	3	2	2	3	3	2	3	1	3	1	3	1	3	5	3	4	4	2	3	1	5
približan	P	4793	4	2	4	4	1	2	2	4	4	3	2	2	3	3	3	4	2	4	1	3	4	4	2	5	2	2	0	0	2	3	3	3	4	0	4	3	2	4	3	4	3	3	1	2	3	3	2	2	4	5	4	3	2	3	3	2	2	4	2	3	1	4	5	3	5	5	2	2	1	5
diplomirati	G	21291	4	4	4	3	2	4	3	4	5	2	5	4	4	3	3	4	1	4	5	2	5	5	3	3	2	3	0	0	4	3	4	4	4	0	5	2	5	3	5	4	3	3	1	4	5	5	4	4	5	3	5	3	5	3	5	5	5	5	2	4	3	4	5	3	5	5	5	3	4	3
teorija	I	110833	2	5	4	4	1	5	1	4	4	4	5	5	1	5	2	5	1	5	1	3	1	3	1	5	2	4	0	0	2	4	2	4	3	0	5	2	3	3	3	5	3	3	2	2	4	4	3	3	3	5	4	3	1	3	4	4	3	4	1	4	2	5	5	2	5	5	2	4	1	5
poskupjeti	G	7511	3	2	5	4	1	5	5	5	5	3	4	4	4	4	4	5	2	4	3	4	2	5	4	2	3	3	0	0	2	3	3	4	2	0	4	3	5	3	5	3	3	3	2	1	5	5	3	4	4	5	3	3	0	3	3	3	5	5	3	4	1	4	4	4	5	5	2	3	1	5
skakanje	I	4993	4	3	3	3	4	4	5	4	5	2	5	4	5	3	5	5	5	5	5	3	5	5	5	5	5	3	0	0	5	3	5	3	5	0	4	3	5	4	4	4	3	3	4	2	4	4	3	3	5	4	5	3	5	4	4	4	5	4	5	3	3	3	5	5	5	5	5	4	5	4
disertacija	I	4748	4	2	3	3	2	3	2	3	4	1	5	3	4	3	3	4	1	3	5	2	5	3	1	1	2	2	0	0	1	2	3	2	5	0	2	1	5	3	3	3	3	3	2	2	3	2	1	1	1	2	2	1	2	2	3	3	1	1	3	2	3	1	5	3	5	4	3	3	1	3
podvrgnuti	G	6613	3	3	5	3	1	2	2	3	3	2	2	3	2	4	2	4	2	3	2	2	3	4	3	0	2	2	0	0	2	1	3	3	4	0	4	2	3	2	2	4	3	3	2	2	3	2	2	1	2	0	1	1	2	3	2	4	1	2	1	3	3	3	3	3	4	5	2	2	1	3
otporan	P	18567	4	3	2	4	3	4	3	4	4	3	4	3	3	3	4	5	2	4	4	3	5	4	0	3	3	3	0	0	3	3	4	3	3	0	4	3	4	3	2	3	3	3	3	3	4	2	2	2	4	5	3	2	2	3	1	2	2	3	2	2	2	5	3	3	3	5	1	3	1	4
shvatiti	G	271900	2	4	3	5	1	5	2	5	3	4	5	4	2	5	3	5	2	5	1	5	1	4	1	2	2	4	0	0	2	5	3	3	3	0	4	3	4	2	1	5	3	4	2	5	3	5	5	3	4	5	3	4	2	5	4	4	3	4	2	4	1	5	3	3	3	5	2	3	1	4
sunčanje	I	7771	4	4	4	3	5	5	5	3	5	1	5	2	4	2	5	4	3	3	5	3	5	4	4	3	3	3	0	0	4	3	3	3	2	0	5	1	5	3	4	5	5	4	3	3	5	4	1	4	5	5	5	2	4	2	5	5	5	4	5	2	4	3	3	3	4	5	4	2	5	3
pominjati	G	3928	3	1	3	2	1	1	2	2	1	1	2	1	2	2	3	3	2	3	1	1	5	3	1	1	2	1	0	0	2	1	3	3	4	0	4	3	3	3	1	1	3	4	1	1	3	2	2	1	2	2	1	1	1	1	4	4	1	1	1	2	1	2	3	3	4	4	3	4	1	2
prakticirati	G	16219	3	3	5	4	2	3	3	3	3	3	3	3	3	3	2	4	2	4	3	3	5	5	3	2	3	3	0	0	3	3	3	3	4	0	4	2	4	5	3	4	3	4	2	1	4	2	3	3	4	4	1	3	4	3	3	3	3	1	2	4	1	4	3	3	4	5	2	3	2	3
sabrati	G	5334	3	1	3	4	2	1	3	3	2	1	3	2	3	2	4	4	3	3	3	2	3	5	2	0	4	3	0	0	3	2	3	3	5	0	4	3	3	4	4	4	3	2	3	3	3	2	4	1	2	3	2	1	4	1	4	4	2	1	1	2	1	4	3	3	4	5	2	2	1	3
biografski	P	3881	4	2	3	4	3	2	3	4	4	1	5	3	4	3	3	4	1	3	3	2	5	4	2	1	2	2	0	0	3	2	2	3	4	0	5	1	5	5	4	4	3	4	1	1	3	3	5	2	2	2	2	1	1	2	3	3	2	2	1	3	2	4	3	3	5	4	4	2	1	3
šteta	I	174460	5	4	2	3	3	4	4	5	5	3	2	3	3	5	4	4	4	4	1	4	5	5	2	4	1	5	0	0	3	4	4	3	3	0	5	1	4	4	2	5	5	4	1	3	3	3	4	3	3	3	5	2	2	3	4	4	4	4	3	3	4	4	3	3	4	5	2	4	1	3
drek	I	5174	5	1	3	2	5	5	5	4	5	1	1	1	4	1	5	4	5	5	5	3	5	4	5	5	5	4	0	0	5	2	5	3	4	1	5	2	5	3	5	5	5	4	2	1	5	5	5	4	5	3	5	5	5	1	4	4	5	3	5	5	5	3	3	3	5	3	5	4	3	1
letjeti	G	43359	5	4	5	3	4	3	5	4	5	1	5	3	4	5	5	5	5	4	5	2	5	4	2	3	3	3	0	0	4	3	3	3	3	0	5	2	5	3	3	4	5	4	5	4	5	5	4	2	5	5	4	2	5	3	4	4	5	3	5	3	4	3	4	4	5	5	4	3	5	3
zaletjeti	G	6563	4	4	5	4	4	3	5	4	4	1	2	3	4	5	4	4	4	2	2	4	5	3	2	0	2	3	0	0	3	3	3	3	3	0	4	3	5	4	3	3	5	4	2	2	5	5	3	3	2	2	2	1	5	3	3	3	5	4	3	2	3	1	4	4	5	5	3	2	3	3
tvornički	P	9954	4	3	5	3	3	2	4	3	3	1	2	3	3	2	4	4	2	3	3	2	4	3	3	4	3	3	0	0	2	4	3	2	5	0	5	1	5	3	4	4	5	4	1	1	5	3	2	3	2	2	2	1	1	3	5	5	4	3	1	2	3	3	4	4	5	4	4	2	1	3
dopuštenje	I	10053	4	3	3	4	2	4	3	4	4	2	1	4	3	4	3	5	2	4	3	3	3	4	2	3	2	3	0	0	3	2	3	3	4	0	5	2	3	4	2	3	1	4	3	3	2	3	2	1	5	5	3	3	1	3	4	3	1	2	2	3	1	5	3	3	5	5	3	3	1	3
utvrditi	G	91831	3	2	4	4	3	2	2	4	3	3	1	3	3	4	3	4	3	4	1	4	3	4	2	2	2	3	0	0	2	3	3	3	3	0	4	3	4	3	3	5	1	4	1	3	2	3	3	2	2	5	3	2	1	3	4	3	2	3	1	3	1	5	3	3	4	5	2	2	1	2
izliti	G	5442	4	3	3	3	3	2	5	4	4	2	2	3	4	3	4	5	4	4	5	3	5	5	4	4	4	2	0	0	4	2	3	3	3	0	4	2	5	4	4	5	1	4	5	3	5	3	3	2	4	3	2	2	5	3	3	4	5	3	5	4	3	3	3	3	4	5	2	3	5	2
posmrtni	P	5943	4	2	2	3	2	3	4	3	5	1	5	2	2	3	2	3	2	3	2	2	4	3	3	0	4	2	0	0	2	3	2	2	5	0	5	1	2	5	1	3	1	4	1	1	4	3	3	1	1	1	1	1	1	2	4	0	3	3	1	1	2	3	3	3	5	4	2	2	1	1
kriti	G	49909	4	3	4	3	4	3	5	3	4	1	5	5	3	3	3	3	3	3	2	2	3	5	3	4	2	3	0	0	3	2	3	3	4	0	4	2	4	3	2	4	1	4	1	3	3	3	2	2	4	2	2	1	5	3	3	3	4	3	3	4	2	3	3	3	3	5	1	2	3	2
odsutan	P	6124	4	2	5	4	4	4	5	4	4	3	5	4	4	4	4	4	2	4	1	3	2	3	0	0	2	4	0	0	1	3	3	3	3	0	5	2	4	4	2	4	1	3	2	2	3	3	0	0	2	3	3	2	1	2	4	4	3	3	2	3	4	4	3	3	4	5	2	2	1	2
nalagati	G	12502	3	1	3	4	3	2	3	3	2	2	2	2	4	3	3	3	3	3	3	2	5	4	2	1	4	2	0	0	1	1	2	3	2	0	3	1	4	4	2	1	1	3	3	2	3	2	3	1	1	3	2	1	1	2	3	4	2	2	1	2	1	2	2	2	4	4	1	1	1	1
riblji	P	11442	5	4	4	1	4	2	5	3	2	1	5	5	3	2	5	4	4	3	5	3	5	3	4	2	5	4	0	0	4	3	2	3	3	0	5	2	5	2	5	3	1	3	5	1	5	3	3	3	4	1	5	3	2	2	2	3	5	4	2	3	5	2	2	2	5	4	5	3	2	1
klupski	P	30002	3	2	2	2	3	3	4	2	2	1	5	2	3	2	4	3	3	2	5	2	5	3	3	3	3	2	0	0	3	3	3	4	5	0	4	3	4	3	4	5	1	3	1	1	5	3	2	1	2	2	3	1	1	3	4	5	2	2	2	2	2	1	2	2	5	4	2	2	1	2
atelje	I	3715	5	3	5	3	5	1	5	2	4	1	5	2	3	2	4	3	3	2	5	2	5	3	2	0	2	1	0	0	2	1	3	3	5	0	1	1	5	2	4	4	5	3	3	2	5	2	5	1	4	3	4	2	5	2	3	3	1	1	4	3	5	3	3	4	5	3	5	2	2	3
samouvjeren	P	4298	5	3	5	3	1	4	2	4	3	1	5	5	4	4	3	4	2	3	2	3	5	5	2	2	1	3	0	0	5	3	3	4	5	0	4	2	4	3	2	3	1	5	3	3	3	4	4	2	4	3	3	2	1	2	2	2	1	1	1	2	2	5	3	3	4	5	1	2	3	2
telekom	I	13757	4	3	5	3	5	1	4	3	3	1	3	2	3	3	3	3	2	2	5	2	5	5	4	1	2	4	0	0	2	3	2	2	2	0	5	2	2	1	4	3	3	3	1	1	5	3	3	0	1	1	2	1	1	3	5	5	2	2	4	2	3	4	3	3	5	1	3	2	2	1
vrijedan	P	157776	5	2	3	3	2	4	1	5	3	2	4	3	4	4	4	4	2	3	5	4	4	5	2	3	1	4	0	0	4	3	3	4	4	0	4	2	5	3	2	3	1	3	2	3	2	4	4	2	3	5	3	4	3	4	4	4	1	2	2	3	3	5	4	4	3	5	2	2	1	2
uhapsiti	G	3943	5	1	5	4	3	2	5	3	4	1	1	1	4	3	4	4	2	2	5	2	5	5	5	1	3	3	0	0	3	5	3	3	3	0	5	1	5	4	5	4	5	3	2	1	5	2	5	3	4	1	4	1	5	1	3	3	4	1	5	3	3	4	3	2	5	3	5	2	5	2
svidjeti	G	47041	5	3	3	3	1	4	3	5	4	3	4	5	2	3	4	5	2	4	4	5	4	5	2	2	2	4	0	0	1	4	4	4	3	0	4	3	2	4	1	5	1	3	1	3	5	5	4	3	5	5	3	4	1	5	2	4	2	4	2	3	1	5	3	3	3	5	2	4	1	4
prisutan	P	114228	5	2	4	4	4	5	5	5	4	4	5	5	2	5	4	4	3	3	2	3	4	5	3	4	2	5	0	0	1	3	4	3	2	4	4	4	4	4	1	4	3	3	3	3	5	3	2	2	5	5	4	3	3	4	3	4	2	2	2	3	4	5	3	3	4	5	2	3	1	3
geografski	P	12984	4	4	3	3	3	3	2	3	3	2	4	2	3	2	4	4	1	3	5	2	5	5	4	2	2	3	0	0	2	2	2	2	3	0	5	2	2	3	5	3	1	3	3	3	5	3	2	1	4	4	3	2	1	3	2	2	3	2	1	3	4	3	3	3	5	4	3	2	1	3
rehabilitacijski	P	3123	4	2	4	3	2	2	2	3	3	1	5	1	3	2	3	3	1	3	2	2	3	3	1	3	3	3	0	0	2	2	2	2	4	0	5	1	4	2	3	4	1	3	1	1	4	2	3	4	3	1	2	1	2	3	3	3	2	1	1	2	3	2	2	2	5	3	2	3	1	2
iznenadan	P	12541	4	3	5	3	1	4	2	4	4	3	4	2	2	3	2	3	2	3	3	3	3	4	2	2	1	3	0	0	3	3	3	0	4	0	4	3	4	3	4	5	1	3	1	2	2	3	4	3	4	4	3	3	1	3	3	3	2	1	2	3	1	5	2	3	4	5	3	4	1	2
opskuran	P	3499	4	2	5	3	1	2	1	2	4	3	1	1	2	2	2	3	1	2	2	1	4	3	3	1	1	2	0	0	1	1	2	3	3	0	2	1	3	2	3	4	1	3	1	1	2	2	1	1	1	1	2	2	1	1	1	1	1	1	1	1	1	1	1	1	4	5	1	1	1	2
poletjeti	G	10241	4	3	3	2	4	3	5	4	4	1	4	3	4	3	4	4	4	3	3	3	5	5	0	4	3	3	0	0	4	3	3	2	5	0	4	2	5	3	3	3	5	3	3	3	5	3	4	3	3	2	5	2	5	3	3	4	3	2	3	3	3	3	4	3	5	5	5	2	4	2
vodoravan	P	3723	5	2	2	3	2	4	4	4	5	2	5	2	3	3	5	5	4	3	5	3	5	4	2	2	4	4	0	0	3	2	3	3	5	0	5	1	5	4	5	3	5	3	2	1	3	3	4	2	5	2	5	2	4	2	2	3	1	1	2	2	3	2	4	3	5	4	5	3	5	3
popriličan	P	10993	3	3	5	4	2	4	2	4	5	2	2	2	2	2	2	4	3	4	1	1	5	5	4	3	2	3	0	0	1	2	3	3	1	0	4	2	3	3	1	5	3	4	1	1	5	3	2	3	2	3	2	2	1	3	3	3	1	2	1	2	3	4	3	3	3	5	2	2	1	4
tješiti	G	12413	4	3	5	3	1	3	4	4	2	3	3	3	2	4	4	4	2	3	5	3	5	4	3	2	2	3	0	0	3	3	3	3	3	0	3	2	4	4	2	5	5	4	2	2	2	4	4	4	5	4	4	2	5	4	4	4	2	3	4	3	2	2	5	4	4	4	3	3	3	3
oprostiti	G	65170	3	3	3	3	1	4	2	5	2	3	4	5	2	4	4	5	1	4	3	3	3	4	2	4	1	3	0	0	2	4	3	3	2	0	4	3	3	4	1	5	1	3	2	3	2	4	3	2	5	4	5	3	2	3	4	4	3	3	1	4	1	5	5	4	4	5	1	3	1	3
ugrađivati	G	12876	4	2	3	4	3	3	3	3	2	2	3	3	3	3	4	4	3	3	1	2	4	4	4	0	2	3	0	0	2	4	3	4	4	0	4	1	4	2	4	3	5	3	4	2	4	3	2	1	2	1	2	1	3	2	4	4	1	1	4	3	3	3	3	3	4	4	2	1	2	2
udaljiti	G	14710	4	2	3	3	3	4	4	4	3	2	3	3	2	3	5	5	4	3	4	3	5	4	1	1	3	4	0	0	3	2	3	3	3	0	4	2	3	4	2	4	3	3	3	2	3	3	3	4	3	2	3	1	5	3	3	3	2	3	3	3	3	4	4	5	5	5	4	2	3	3
poljubac	I	16868	2	4	4	3	5	4	5	5	4	3	5	5	4	3	5	5	1	4	5	4	5	5	1	3	5	3	0	0	4	3	3	4	5	0	5	2	5	3	5	4	5	4	5	3	5	3	2	3	5	2	5	3	5	5	2	1	5	4	5	3	4	3	5	4	5	5	5	3	5	1
graničiti	G	6266	3	3	2	3	2	2	2	3	3	2	3	2	3	3	4	4	3	3	2	2	5	4	2	2	3	3	0	0	2	2	2	4	4	0	4	2	5	4	3	4	3	3	4	2	3	3	3	2	4	2	4	1	4	3	3	4	5	3	2	2	4	3	4	3	4	4	4	4	1	3
odgovarati	G	200876	3	3	5	4	3	4	4	4	3	3	2	3	3	3	4	5	3	4	4	5	4	5	3	0	2	3	0	0	3	5	3	4	4	0	4	4	4	2	3	5	3	3	5	5	3	4	0	0	5	5	4	4	4	5	2	3	4	5	2	4	2	5	5	5	5	5	2	4	1	4
snalaženje	I	6426	4	3	3	4	2	4	3	4	4	3	2	2	2	3	4	4	2	4	3	3	3	4	2	4	1	3	0	0	2	4	3	4	2	0	3	3	2	0	2	4	3	3	2	2	3	2	2	2	2	4	2	1	1	3	2	4	4	4	2	3	1	4	4	2	4	4	1	3	1	3
ponižavajući	P	3913	4	2	4	3	1	2	3	4	4	3	3	1	2	3	3	4	2	3	3	2	3	4	3	1	1	2	0	0	1	2	3	4	3	0	5	2	5	2	4	4	3	3	2	2	3	2	4	3	3	2	2	2	1	3	2	3	4	3	1	2	2	4	4	2	4	3	2	3	1	2
knez	I	13688	4	2	3	2	4	1	3	3	4	1	5	1	4	3	4	3	2	1	5	2	5	3	2	5	2	2	0	0	3	4	2	2	4	0	5	1	0	0	5	2	5	3	4	1	5	3	3	1	5	1	4	2	5	2	1	1	5	1	5	2	5	3	5	3	5	3	5	1	1	2
doimati	G	7981	3	2	4	3	1	2	2	2	2	3	1	2	2	3	3	3	1	2	3	3	2	4	3	2	1	2	0	0	1	1	3	3	2	0	4	2	3	4	1	1	3	3	1	2	2	2	1	1	1	5	1	1	1	3	2	3	3	2	1	2	1	4	3	3	3	4	1	1	1	2
fućkati	G	3372	4	1	4	2	5	3	5	4	3	1	2	1	3	1	5	5	4	2	4	3	5	3	5	3	4	3	0	0	5	2	3	3	5	0	3	1	5	5	5	3	3	3	5	1	5	3	5	2	5	1	5	2	5	5	1	1	5	2	4	3	2	2	2	2	4	3	4	3	5	3
menstrualni	P	3711	4	2	3	2	5	4	2	4	5	3	5	3	4	2	4	4	3	3	4	3	5	3	2	1	4	3	0	0	2	2	3	2	3	0	5	1	5	4	4	4	5	3	5	1	3	3	5	3	5	3	5	4	5	2	1	1	5	3	1	4	4	4	5	1	5	4	4	2	1	3
radoznao	P	3303	4	3	5	3	2	3	2	4	4	3	2	2	2	3	4	4	1	3	3	4	5	3	3	3	1	3	0	0	1	2	3	4	3	0	4	2	4	0	2	4	1	5	2	2	3	2	1	2	3	4	3	3	4	3	3	2	4	3	2	3	2	3	4	3	4	4	2	2	1	4
hlače	I	25068	5	2	5	4	5	5	5	5	5	5	5	5	5	4	5	5	5	4	5	5	5	5	0	4	5	5	0	0	5	4	5	5	5	0	5	5	5	5	5	5	5	5	5	3	5	5	0	0	5	5	5	4	5	5	1	5	5	5	5	5	5	5	5	5	5	5	5	3	5	5
praćenje	I	49032	4	3	2	4	2	3	4	3	4	3	2	3	2	3	4	4	2	2	4	3	5	3	1	2	2	2	0	0	3	3	3	4	3	5	5	4	3	4	2	4	3	3	3	2	4	4	3	4	4	2	3	2	1	3	1	4	5	5	3	3	3	3	5	3	4	5	4	2	1	3
izuzetak	I	17657	4	3	5	4	1	3	2	3	4	2	2	2	2	4	3	4	1	3	3	3	5	3	3	4	2	2	0	0	2	2	3	4	3	4	4	2	4	3	3	4	1	3	2	2	3	3	1	3	3	4	4	3	1	3	1	4	3	4	1	3	1	4	2	2	4	5	2	2	1	4
